idx timestamp pi t2 t1+t3
0	1.52673e+09	3.14159	6.70632	0.299996	
0.00266792	1.52673e+09	3.14159	6.86915	0.132126	
0.00770658	1.52673e+09	3.14159	7.21322	0.126079	
0.00840497	1.52673e+09	3.14159	7.26527	0.119788	
0.0113064	1.52673e+09	3.14159	6.74903	0.129512	
0.035112	1.52673e+09	3.14159	3.86198	0.111238	
0.051977	1.52673e+09	3.14159	1.74119	0.10656	
0.058964	1.52673e+09	3.14159	2.01149	0.115201	
0.0948395	1.52673e+09	3.14159	3.64913	0.116066	
0.191851	1.52673e+09	3.14159	5.81506	0.125696	
0.204987	1.52673e+09	3.14159	11.7012	0.106848	
0.224574	1.52673e+09	3.14159	13.6131	0.117981	
0.232576	1.52673e+09	3.14159	14.4672	0.126112	
0.326621	1.52673e+09	3.14159	18.3212	0.107952	
0.34362	1.52673e+09	3.14159	19.9425	0.111504	
0.379871	1.52673e+09	3.14159	19.793	0.126105	
0.385438	1.52673e+09	3.14159	20.2131	0.122089	
0.431647	1.52673e+09	3.14159	21.8853	0.112695	
0.491449	1.52673e+09	3.14159	22.005	0.121342	
0.552545	1.52673e+09	3.14159	22.101	0.11978	
0.55468	1.52673e+09	3.14159	22.3529	0.126957	
0.564134	1.52673e+09	3.14159	22.2696	0.118969	
0.604762	1.52673e+09	3.14159	21.8217	0.118979	
0.641768	1.52673e+09	3.14159	21.6411	0.117077	
0.671095	1.52673e+09	3.14159	21.369	0.13592	
0.700226	1.52673e+09	3.14159	20.8971	0.123668	
0.735946	1.52673e+09	3.14159	19.4509	0.102978	
0.747544	1.52673e+09	3.14159	18.0212	0.126592	
0.784967	1.52673e+09	3.14159	17.7651	0.111076	
0.832809	1.52673e+09	3.14159	16.2321	0.108675	
0.848289	1.52673e+09	3.14159	14.6418	0.120492	
0.862844	1.52673e+09	3.14159	13.4581	0.118977	
0.956327	1.52673e+09	3.14159	11.9497	0.11687	
0.994431	1.52673e+09	3.14159	12.9113	0.113767	
1.07002	1.52673e+09	3.14159	14.6772	0.0948234	
1.10337	1.52673e+09	3.14159	14.8549	0.11991	
1.10953	1.52673e+09	3.14159	15.8429	0.122396	
1.12015	1.52673e+09	3.14159	15.7612	0.12572	
1.26809	1.52673e+09	3.14159	17.2132	0.106844	
1.28913	1.52673e+09	3.14159	17.6251	0.118546	
1.2931	1.52673e+09	3.14159	18.5292	0.114066	
1.29332	1.52673e+09	3.14159	19.473	0.12408	
1.29979	1.52673e+09	3.14159	19.4218	0.110093	
1.30406	1.52673e+09	3.14159	19.3694	0.133015	
1.30561	1.52673e+09	3.14159	20.6493	0.1333	
1.43534	1.52673e+09	3.14159	18.841	0.134498	
1.43959	1.52673e+09	3.14159	18.765	0.11905	
1.45212	1.52673e+09	3.14159	17.399	0.122395	
1.45611	1.52673e+09	3.14159	17.3421	0.112771	
1.51774	1.52673e+09	3.14159	16.4413	0.129319	
1.55718	1.52673e+09	3.14159	16.0374	0.144061	
1.58923	1.52673e+09	3.14159	16.0322	0.135636	
1.58933	1.52673e+09	3.14159	15.0853	0.121341	
1.68165	1.52673e+09	3.14159	8.55336	0.122622	
1.71575	1.52673e+09	3.14159	5.89095	0.10869	
1.80196	1.52673e+09	3.14159	2.46828	0.119243	
1.83366	1.52673e+09	3.14159	3.47864	0.110053	
1.88933	1.52673e+09	3.14159	3.38681	0.121942	
1.95397	1.52673e+09	3.14159	2.85508	0.108078	
1.9806	1.52673e+09	3.14159	2.56497	0.116129	
1.9967	1.52673e+09	3.14159	5.62992	0.10759	
2.06735	1.52673e+09	3.14159	7.8012	0.117165	
2.09417	1.52673e+09	3.14159	8.44947	0.123312	
2.12819	1.52673e+09	3.14159	8.74518	0.135127	
2.14141	1.52673e+09	3.14159	8.35311	0.123775	
2.15568	1.52673e+09	3.14159	7.51459	0.111504	
2.16608	1.52673e+09	3.14159	5.41709	0.121777	
2.18271	1.52673e+09	3.14159	3.90399	0.119379	
2.20161	1.52673e+09	3.14159	8.28838	0.112927	
2.21143	1.52673e+09	3.14159	10.1306	0.110224	
2.24118	1.52673e+09	3.14159	10.2939	0.116929	
2.28762	1.52673e+09	3.14159	10.4821	0.12675	
2.38017	1.52673e+09	3.14159	10.4731	0.113933	
2.39017	1.52673e+09	3.14159	10.3651	0.119259	
2.48615	1.52673e+09	3.14159	8.11745	0.11595	
2.49625	1.52673e+09	3.14159	7.73316	0.119516	
2.51412	1.52673e+09	3.14159	7.5704	0.121688	
2.51969	1.52673e+09	3.14159	6.41506	0.115566	
2.56148	1.52673e+09	3.14159	5.64111	0.111127	
2.62067	1.52673e+09	3.14159	5.569	0.10781	
2.68726	1.52673e+09	3.14159	5.15318	0.112919	
2.69977	1.52673e+09	3.14159	5.97324	0.151646	
2.7325	1.52673e+09	3.14159	6.51196	0.110407	
2.73534	1.52673e+09	3.14159	6.50999	0.118812	
2.75432	1.52673e+09	3.14159	6.47486	0.133103	
2.82059	1.52673e+09	3.14159	2.22659	0.115006	
2.90588	1.52673e+09	3.14159	2.21359	0.127437	
2.90902	1.52673e+09	3.14159	1.75036	0.13926	
2.91533	1.52673e+09	3.14159	1.73882	0.108144	
2.95901	1.52673e+09	3.14159	4.73504	0.113434	
2.95933	1.52673e+09	3.14159	6.3075	0.115472	
2.99835	1.52673e+09	3.14159	6.61725	0.108047	
3.01431	1.52673e+09	3.14159	6.6132	0.116224	
3.06281	1.52673e+09	3.14159	5.52336	0.109414	
3.16314	1.52673e+09	3.14159	4.06442	0.119851	
3.16917	1.52673e+09	3.14159	3.64514	0.110189	
3.20711	1.52673e+09	3.14159	4.60276	0.105682	
3.23887	1.52673e+09	3.14159	5.25781	0.114257	
3.25628	1.52673e+09	3.14159	8.4493	0.118374	
3.31953	1.52673e+09	3.14159	10.7891	0.114612	
3.39192	1.52673e+09	3.14159	11.3052	0.131148	
3.42942	1.52673e+09	3.14159	12.251	0.120305	
3.43582	1.52673e+09	3.14159	12.5053	0.114808	
3.43898	1.52673e+09	3.14159	12.3407	0.129877	
3.47097	1.52673e+09	3.14159	13.2854	0.123535	
3.4835	1.52673e+09	3.14159	14.3612	0.114174	
3.48432	1.52673e+09	3.14159	14.8661	0.118153	
3.49325	1.52673e+09	3.14159	14.9729	0.109727	
3.51499	1.52673e+09	3.14159	15.1412	0.11575	
3.54301	1.52673e+09	3.14159	16.1572	0.139003	
3.59652	1.52673e+09	3.14159	16.4213	0.109047	
3.61694	1.52673e+09	3.14159	18.7012	0.115752	
3.63104	1.52673e+09	3.14159	19.2865	0.107834	
3.64822	1.52673e+09	3.14159	22.3486	0.108651	
3.65145	1.52673e+09	3.14159	22.3358	0.123284	
3.66904	1.52673e+09	3.14159	23.3821	0.107906	
3.68981	1.52673e+09	3.14159	24.0932	0.124548	
3.74081	1.52673e+09	3.14159	26.893	0.126316	
3.77307	1.52673e+09	3.14159	26.3453	0.131994	
3.79106	1.52673e+09	3.14159	26.7576	0.110041	
3.93941	1.52673e+09	3.14159	26.901	0.106696	
4.00682	1.52673e+09	3.14159	27.1413	0.121316	
4.01335	1.52673e+09	3.14159	27.173	0.123114	
4.05688	1.52673e+09	3.14159	26.949	0.122128	
4.08701	1.52673e+09	3.14159	26.9782	0.128597	
4.11558	1.52673e+09	3.14159	26.3653	0.124061	
4.11816	1.52673e+09	3.14159	25.4944	0.133166	
4.1303	1.52673e+09	3.14159	25.0573	0.113442	
4.22286	1.52673e+09	3.14159	24.9778	0.124283	
4.22851	1.52673e+09	3.14159	24.8009	0.113044	
4.23132	1.52673e+09	3.14159	23.497	0.123192	
4.24695	1.52673e+09	3.14159	23.789	0.120842	
4.26949	1.52673e+09	3.14159	19.8573	0.129968	
4.28297	1.52673e+09	3.14159	18.113	0.117297	
4.30094	1.52673e+09	3.14159	17.7009	0.123439	
4.30663	1.52673e+09	3.14159	14.5413	0.147659	
4.30709	1.52673e+09	3.14159	14.5138	0.11951	
4.30854	1.52673e+09	3.14159	14.0903	0.122854	
4.34366	1.52673e+09	3.14159	12.8294	0.11796	
4.36327	1.52673e+09	3.14159	12.7131	0.129507	
4.36965	1.52673e+09	3.14159	12.4972	0.112742	
4.48214	1.52673e+09	3.14159	11.6579	0.117811	
4.63827	1.52673e+09	3.14159	12.418	0.126406	
4.66116	1.52673e+09	3.14159	11.3172	0.114506	
4.72009	1.52673e+09	3.14159	11.457	0.118473	
4.74546	1.52673e+09	3.14159	11.3213	0.109566	
4.8065	1.52673e+09	3.14159	10.7134	0.118742	
4.85342	1.52673e+09	3.14159	11.5778	0.124259	
4.86394	1.52673e+09	3.14159	12.361	0.116996	
4.90793	1.52673e+09	3.14159	12.314	0.13332	
4.92038	1.52673e+09	3.14159	12.4931	0.119956	
4.92538	1.52673e+09	3.14159	13.6573	0.121521	
4.94695	1.52673e+09	3.14159	13.925	0.111518	
4.95923	1.52673e+09	3.14159	14.3702	0.115847	
4.98212	1.52673e+09	3.14159	14.3623	0.116635	
4.98507	1.52673e+09	3.14159	14.5171	0.109005	
5.04746	1.52673e+09	3.14159	14.8225	0.114105	
5.08115	1.52673e+09	3.14159	14.8011	0.119249	
5.09698	1.52673e+09	3.14159	14.7532	0.117885	
5.09849	1.52673e+09	3.14159	14.6731	0.124171	
5.11105	1.52673e+09	3.14159	14.1845	0.135175	
5.13318	1.52673e+09	3.14159	13.6574	0.11964	
5.19328	1.52673e+09	3.14159	13.1973	0.123309	
5.23287	1.52673e+09	3.14159	12.1815	0.12235	
5.24535	1.52673e+09	3.14159	10.305	0.128543	
5.25822	1.52673e+09	3.14159	8.48671	0.124499	
5.26378	1.52673e+09	3.14159	8.06545	0.123719	
5.26618	1.52673e+09	3.14159	7.13766	0.116501	
5.2951	1.52673e+09	3.14159	6.45719	0.107219	
5.3289	1.52673e+09	3.14159	6.18976	0.115278	
5.37129	1.52673e+09	3.14159	6.41733	0.10942	
5.37889	1.52673e+09	3.14159	7.04123	0.118822	
5.39946	1.52673e+09	3.14159	6.98926	0.111435	
5.41188	1.52673e+09	3.14159	6.25611	0.1233	
5.42283	1.52673e+09	3.14159	3.65773	0.115175	
5.42844	1.52673e+09	3.14159	1.7892	0.127303	
5.44416	1.52673e+09	3.14159	4.42205	0.134358	
5.46386	1.52673e+09	3.14159	4.87699	0.109	
5.66991	1.52673e+09	3.14159	8.22528	0.109722	
5.6776	1.52673e+09	3.14159	10.5013	0.109855	
5.67832	1.52673e+09	3.14159	10.8108	0.118989	
5.68317	1.52673e+09	3.14159	13.0882	0.11291	
5.79144	1.52673e+09	3.14159	14.0406	0.120208	
5.80184	1.52673e+09	3.14159	15.2627	0.109197	
5.86793	1.52673e+09	3.14159	17.605	0.116279	
5.95362	1.52673e+09	3.14159	16.9012	0.124418	
5.99708	1.52673e+09	3.14159	16.981	0.115766	
6.03047	1.52673e+09	3.14159	17.0664	0.116748	
6.06262	1.52673e+09	3.14159	16.945	0.128458	
6.06496	1.52673e+09	3.14159	16.3818	0.122319	
6.06562	1.52673e+09	3.14159	14.9772	0.134385	
6.11874	1.52673e+09	3.14159	14.625	0.14852	
6.12164	1.52673e+09	3.14159	13.3806	0.10782	
6.12393	1.52673e+09	3.14159	12.131	0.12789	
6.12754	1.52673e+09	3.14159	9.56329	0.114928	
6.17617	1.52673e+09	3.14159	9.2969	0.124098	
6.21967	1.52673e+09	3.14159	7.36572	0.12835	
6.23197	1.52673e+09	3.14159	2.8538	0.11413	
6.27789	1.52673e+09	3.14159	3.01502	0.1199	
6.32069	1.52673e+09	3.14159	3.78069	0.112732	
6.35465	1.52673e+09	3.14159	3.58719	0.108379	
6.36501	1.52673e+09	3.14159	1.73978	0.11295	
6.37617	1.52673e+09	3.14159	5.34948	0.117308	
6.38408	1.52673e+09	3.14159	9.08596	0.10167	
6.38778	1.52673e+09	3.14159	9.30887	0.130753	
6.41775	1.52673e+09	3.14159	13.3891	0.137786	
6.44008	1.52673e+09	3.14159	16.5571	0.10962	
6.46375	1.52673e+09	3.14159	16.9661	0.113693	
6.54987	1.52673e+09	3.14159	18.9214	0.121707	
6.67892	1.52673e+09	3.14159	19.7412	0.10814	
6.71238	1.52673e+09	3.14159	20.073	0.115968	
6.7178	1.52673e+09	3.14159	22.37	0.115596	
6.76473	1.52673e+09	3.14159	22.461	0.120404	
6.79284	1.52673e+09	3.14159	23.893	0.134927	
6.80297	1.52673e+09	3.14159	23.985	0.122735	
6.8746	1.52673e+09	3.14159	24.1411	0.126701	
6.90326	1.52673e+09	3.14159	24.1213	0.134856	
6.9508	1.52673e+09	3.14159	23.8974	0.123882	
6.9512	1.52673e+09	3.14159	24.0009	0.117273	
7.02525	1.52673e+09	3.14159	23.948	0.119182	
7.02627	1.52673e+09	3.14159	23.3452	0.116716	
7.08826	1.52673e+09	3.14159	23.1771	0.127388	
7.12058	1.52673e+09	3.14159	22.9331	0.117342	
7.13828	1.52673e+09	3.14159	22.3491	0.128965	
7.19533	1.52673e+09	3.14159	22.3294	0.122231	
7.24097	1.52673e+09	3.14159	22.0011	0.112313	
7.2615	1.52673e+09	3.14159	21.861	0.122146	
7.27074	1.52673e+09	3.14159	20.845	0.122556	
7.27085	1.52673e+09	3.14159	20.1692	0.115479	
7.28529	1.52673e+09	3.14159	19.0685	0.113139	
7.29376	1.52673e+09	3.14159	19.3262	0.117372	
7.30738	1.52673e+09	3.14159	17.1493	0.116467	
7.31474	1.52673e+09	3.14159	17.0812	0.128431	
7.32321	1.52673e+09	3.14159	16.1011	0.105944	
7.32852	1.52673e+09	3.14159	14.6052	0.123528	
7.35393	1.52673e+09	3.14159	13.9771	0.109793	
7.36984	1.52673e+09	3.14159	13.0452	0.117883	
7.41798	1.52673e+09	3.14159	12.2451	0.10955	
7.44431	1.52673e+09	3.14159	8.2671	0.0998802	
7.49251	1.52673e+09	3.14159	6.41346	0.11743	
7.51228	1.52673e+09	3.14159	4.64679	0.116514	
7.62454	1.52673e+09	3.14159	2.73424	0.108276	
7.6334	1.52673e+09	3.14159	2.91382	0.137246	
7.65557	1.52673e+09	3.14159	3.08555	0.107749	
7.66147	1.52673e+09	3.14159	2.11749	0.155464	
7.66321	1.52673e+09	3.14159	1.94024	0.107506	
7.70474	1.52673e+09	3.14159	2.86113	0.114961	
7.74187	1.52673e+09	3.14159	2.55228	0.11447	
7.75441	1.52673e+09	3.14159	3.14134	0.122951	
7.75956	1.52673e+09	3.14159	4.01559	0.115379	
7.76318	1.52673e+09	3.14159	6.57374	0.110009	
7.76923	1.52673e+09	3.14159	7.11858	0.123662	
7.79466	1.52673e+09	3.14159	7.51178	0.114741	
7.83173	1.52673e+09	3.14159	8.03315	0.114462	
7.85693	1.52673e+09	3.14159	9.09401	0.124854	
7.87528	1.52673e+09	3.14159	9.59019	0.112341	
7.89792	1.52673e+09	3.14159	10.0303	0.115874	
7.90169	1.52673e+09	3.14159	12.302	0.115191	
7.96853	1.52673e+09	3.14159	13.3494	0.106726	
7.9796	1.52673e+09	3.14159	13.6536	0.104979	
7.98267	1.52673e+09	3.14159	13.701	0.127412	
8.01163	1.52673e+09	3.14159	14.8934	0.115488	
8.0796	1.52673e+09	3.14159	16.0983	0.122203	
8.10959	1.52673e+09	3.14159	16.1181	0.115187	
8.137	1.52673e+09	3.14159	16.1812	0.112629	
8.17301	1.52673e+09	3.14159	16.6572	0.11325	
8.19352	1.52673e+09	3.14159	16.7426	0.119623	
8.23982	1.52673e+09	3.14159	16.6133	0.113701	
8.24835	1.52673e+09	3.14159	17.2653	0.119668	
8.26114	1.52673e+09	3.14159	17.7671	0.115266	
8.26726	1.52673e+09	3.14159	18.6051	0.120752	
8.3081	1.52673e+09	3.14159	18.8091	0.124441	
8.33598	1.52673e+09	3.14159	19.1467	0.201262	
8.42888	1.52673e+09	3.14159	19.092	0.128486	
8.47302	1.52673e+09	3.14159	19.0421	0.120549	
8.49858	1.52673e+09	3.14159	19.0155	0.130039	
8.50915	1.52673e+09	3.14159	20.3452	0.135707	
8.52495	1.52673e+09	3.14159	20.3571	0.111464	
8.53848	1.52673e+09	3.14159	20.6648	0.12641	
8.54821	1.52673e+09	3.14159	20.7554	0.120564	
8.55059	1.52673e+09	3.14159	21.2973	0.130446	
8.60533	1.52673e+09	3.14159	21.6655	0.126141	
8.65152	1.52673e+09	3.14159	22.9042	0.115597	
8.66129	1.52673e+09	3.14159	21.9652	0.127462	
8.67565	1.52673e+09	3.14159	22.1092	0.123339	
8.70483	1.52673e+09	3.14159	23.6291	0.130424	
8.73061	1.52673e+09	3.14159	24.0772	0.111979	
8.73136	1.52673e+09	3.14159	24.1252	0.126811	
8.73649	1.52673e+09	3.14159	24.3972	0.117829	
8.77128	1.52673e+09	3.14159	24.4332	0.129403	
8.7934	1.52673e+09	3.14159	24.6363	0.131407	
8.82426	1.52673e+09	3.14159	25.073	0.138711	
8.94344	1.52673e+09	3.14159	25.5933	0.121923	
8.95392	1.52673e+09	3.14159	25.1091	0.132355	
8.9691	1.52673e+09	3.14159	25.1011	0.144585	
8.98917	1.52673e+09	3.14159	24.9532	0.12769	
8.99136	1.52673e+09	3.14159	23.6851	0.128269	
9.01819	1.52673e+09	3.14159	23.0299	0.130749	
9.06433	1.52673e+09	3.14159	23.0057	0.117616	
9.07193	1.52673e+09	3.14159	22.4372	0.118479	
9.0862	1.52673e+09	3.14159	21.4619	0.125978	
9.10822	1.52673e+09	3.14159	21.3103	0.122115	
9.15774	1.52673e+09	3.14159	18.6703	0.117827	
9.17921	1.52673e+09	3.14159	17.0492	0.120718	
9.18863	1.52673e+09	3.14159	15.8532	0.140955	
9.2142	1.52673e+09	3.14159	15.3452	0.120519	
9.21926	1.52673e+09	3.14159	15.6092	0.131241	
9.22386	1.52673e+09	3.14159	16.253	0.110488	
9.24016	1.52673e+09	3.14159	16.3172	0.114488	
9.27637	1.52673e+09	3.14159	16.6341	0.116323	
9.36136	1.52673e+09	3.14159	16.5335	0.118032	
9.38934	1.52673e+09	3.14159	16.7334	0.129353	
9.40661	1.52673e+09	3.14159	17.3332	0.121902	
9.45146	1.52673e+09	3.14159	16.9498	0.121289	
9.47373	1.52673e+09	3.14159	16.8172	0.122327	
9.49777	1.52673e+09	3.14159	16.6812	0.124168	
9.5201	1.52673e+09	3.14159	16.4988	0.107496	
9.53749	1.52673e+09	3.14159	16.125	0.120929	
9.55412	1.52673e+09	3.14159	13.8789	0.106958	
9.56548	1.52673e+09	3.14159	13.4987	0.112912	
9.56978	1.52673e+09	3.14159	13.4181	0.118655	
9.59967	1.52673e+09	3.14159	13.0692	0.123475	
9.60485	1.52673e+09	3.14159	12.6931	0.12395	
9.61636	1.52673e+09	3.14159	11.5253	0.11711	
9.62238	1.52673e+09	3.14159	11.469	0.117052	
9.70243	1.52673e+09	3.14159	11.4511	0.112279	
9.72593	1.52673e+09	3.14159	3.79125	0.134128	
9.75044	1.52673e+09	3.14159	4.55712	0.112428	
9.7556	1.52673e+09	3.14159	5.66848	0.121371	
9.82185	1.52673e+09	3.14159	5.52943	0.115385	
9.84524	1.52673e+09	3.14159	6.65411	0.10734	
9.85198	1.52673e+09	3.14159	7.41833	0.123203	
9.89244	1.52673e+09	3.14159	8.47019	0.118698	
9.9587	1.52673e+09	3.14159	8.48502	0.121022	
9.96191	1.52673e+09	3.14159	9.70863	0.156066	
9.96244	1.52673e+09	3.14159	10.0749	0.122802	
10.0298	1.52673e+09	3.14159	10.476	0.116882	
10.0609	1.52673e+09	3.14159	10.5113	0.120314	
10.0917	1.52673e+09	3.14159	10.7741	0.139455	
10.0967	1.52673e+09	3.14159	11.3472	0.133263	
10.119	1.52673e+09	3.14159	11.7196	0.126292	
10.1984	1.52673e+09	3.14159	11.8184	0.13379	
10.2108	1.52673e+09	3.14159	12.2177	0.136271	
10.2135	1.52673e+09	3.14159	12.1223	0.160992	
10.2655	1.52673e+09	3.14159	12.5713	0.136229	
10.2976	1.52673e+09	3.14159	12.621	0.124736	
10.3054	1.52673e+09	3.14159	13.1408	0.137676	
10.317	1.52673e+09	3.14159	13.1606	0.114095	
10.3327	1.52673e+09	3.14159	13.5624	0.120623	
10.3713	1.52673e+09	3.14159	13.3764	0.135932	
10.3756	1.52673e+09	3.14159	13.5404	0.12628	
10.3915	1.52673e+09	3.14159	13.8186	0.121236	
10.4204	1.52673e+09	3.14159	14.103	0.127668	
10.4361	1.52673e+09	3.14159	14.3831	0.123989	
10.5259	1.52673e+09	3.14159	14.6471	0.129814	
10.5292	1.52673e+09	3.14159	14.6775	0.134885	
10.5589	1.52673e+09	3.14159	14.5498	0.128489	
10.6752	1.52673e+09	3.14159	14.6443	0.117954	
10.6903	1.52673e+09	3.14159	14.606	0.147237	
10.6905	1.52673e+09	3.14159	14.6336	0.134196	
10.695	1.52673e+09	3.14159	14.8614	0.131166	
10.6956	1.52673e+09	3.14159	14.5591	0.120461	
10.7314	1.52673e+09	3.14159	15.9635	0.131394	
10.7349	1.52673e+09	3.14159	14.3583	0.132828	
10.7426	1.52673e+09	3.14159	14.3811	0.125057	
10.7438	1.52673e+09	3.14159	14.5015	0.164092	
10.7604	1.52673e+09	3.14159	14.182	0.122031	
10.7666	1.52673e+09	3.14159	14.2427	0.139357	
10.8098	1.52673e+09	3.14159	14.1926	0.140125	
10.819	1.52673e+09	3.14159	14.0829	0.129147	
10.8796	1.52673e+09	3.14159	13.0422	0.12402	
10.9147	1.52673e+09	3.14159	12.5055	0.137024	
10.9277	1.52673e+09	3.14159	12.5601	0.137423	
11.0414	1.52673e+09	3.14159	12.2318	0.140585	
11.0799	1.52673e+09	3.14159	12.1073	0.144733	
11.149	1.52673e+09	3.14159	12.6027	0.127526	
11.16	1.52673e+09	3.14159	10.9736	0.112326	
11.1701	1.52673e+09	3.14159	9.5764	0.113099	
11.1876	1.52673e+09	3.14159	9.44114	0.120777	
11.2106	1.52673e+09	3.14159	9.42006	0.131888	
11.2359	1.52673e+09	3.14159	9.25106	0.123885	
11.2395	1.52673e+09	3.14159	10.1312	0.120978	
11.2453	1.52673e+09	3.14159	8.3018	0.111287	
11.2524	1.52673e+09	3.14159	8.2665	0.127835	
11.2961	1.52673e+09	3.14159	8.10658	0.126884	
11.3032	1.52673e+09	3.14159	8.40084	0.120069	
11.306	1.52673e+09	3.14159	8.3925	0.145707	
11.3241	1.52673e+09	3.14159	8.56558	0.130679	
11.333	1.52673e+09	3.14159	8.98661	0.116787	
11.3473	1.52673e+09	3.14159	9.02941	0.121735	
11.3476	1.52673e+09	3.14159	9.43196	0.134631	
11.3496	1.52673e+09	3.14159	9.52773	0.122987	
11.3819	1.52673e+09	3.14159	9.58549	0.118691	
11.3884	1.52673e+09	3.14159	10.002	0.118402	
11.4081	1.52673e+09	3.14159	10.7392	0.125866	
11.4601	1.52673e+09	3.14159	11.2608	0.116844	
11.4809	1.52673e+09	3.14159	11.9431	0.126636	
11.4812	1.52673e+09	3.14159	12.1634	0.123656	
11.5093	1.52673e+09	3.14159	12.8003	0.126458	
11.5322	1.52673e+09	3.14159	12.9188	0.139187	
11.5611	1.52673e+09	3.14159	13.2624	0.126497	
11.6011	1.52673e+09	3.14159	13.5208	0.131634	
11.6863	1.52673e+09	3.14159	13.6695	0.139699	
11.7208	1.52673e+09	3.14159	13.8131	0.174663	
11.7908	1.52673e+09	3.14159	13.8477	0.126564	
11.8112	1.52673e+09	3.14159	13.9585	0.124119	
11.8305	1.52673e+09	3.14159	14.0682	0.145162	
11.9261	1.52673e+09	3.14159	14.1471	0.121842	
11.9265	1.52673e+09	3.14159	14.2063	0.145958	
11.9389	1.52673e+09	3.14159	14.2917	0.113798	
12.0068	1.52673e+09	3.14159	14.3686	0.140405	
12.0252	1.52673e+09	3.14159	14.7369	0.130112	
12.0931	1.52673e+09	3.14159	15.0514	0.113484	
12.1175	1.52673e+09	3.14159	15.6614	0.114812	
12.1206	1.52673e+09	3.14159	15.6563	0.142555	
12.1814	1.52673e+09	3.14159	15.8965	0.130177	
12.27	1.52673e+09	3.14159	16.0136	0.142483	
12.3182	1.52673e+09	3.14159	16.1959	0.121869	
12.3366	1.52673e+09	3.14159	16.5776	0.115185	
12.3634	1.52673e+09	3.14159	16.731	0.120741	
12.4231	1.52673e+09	3.14159	16.687	0.148957	
12.444	1.52673e+09	3.14159	16.9819	0.133044	
12.5303	1.52673e+09	3.14159	17.6371	0.121476	
12.5336	1.52673e+09	3.14159	18.0655	0.14476	
12.5581	1.52673e+09	3.14159	18.0717	0.126567	
12.5818	1.52673e+09	3.14159	18.0717	0.119782	
12.6284	1.52673e+09	3.14159	18.1371	0.131017	
12.642	1.52673e+09	3.14159	18.362	0.151366	
12.6866	1.52673e+09	3.14159	18.5049	0.125601	
12.6875	1.52673e+09	3.14159	18.5459	0.135254	
12.7473	1.52673e+09	3.14159	18.9441	0.154385	
12.7505	1.52673e+09	3.14159	19.0841	0.105319	
12.7841	1.52673e+09	3.14159	20.3821	0.137118	
12.8068	1.52673e+09	3.14159	19.2786	0.13612	
12.852	1.52673e+09	3.14159	19.3138	0.123366	
12.8586	1.52673e+09	3.14159	19.3273	0.1644	
12.9385	1.52673e+09	3.14159	19.53	0.121158	
12.9601	1.52673e+09	3.14159	19.5954	0.131569	
13.0262	1.52673e+09	3.14159	20.8079	0.157353	
13.0375	1.52673e+09	3.14159	20.0704	0.149206	
13.0664	1.52673e+09	3.14159	20.0887	0.159477	
13.1469	1.52673e+09	3.14159	20.2083	0.165842	
13.1551	1.52673e+09	3.14159	20.1498	0.122376	
13.1648	1.52673e+09	3.14159	20.1342	0.15182	
13.1918	1.52673e+09	3.14159	21.4887	0.139882	
13.1991	1.52673e+09	3.14159	21.475	0.129739	
13.2793	1.52673e+09	3.14159	20.2393	0.145555	
13.2872	1.52673e+09	3.14159	22.1955	0.147935	
13.3977	1.52673e+09	3.14159	21.0616	0.139375	
13.4	1.52673e+09	3.14159	21.0569	0.136992	
13.6175	1.52673e+09	3.14159	21.2895	0.139588	
13.6298	1.52673e+09	3.14159	21.3368	0.136194	
13.6424	1.52673e+09	3.14159	21.6164	0.127343	
13.6739	1.52673e+09	3.14159	21.5677	0.151532	
13.7	1.52673e+09	3.14159	21.6786	0.148617	
13.7098	1.52673e+09	3.14159	22.1635	0.148094	
13.7401	1.52673e+09	3.14159	22.3945	0.139307	
13.7682	1.52673e+09	3.14159	22.1969	0.148203	
13.7846	1.52673e+09	3.14159	22.1772	0.155089	
13.7874	1.52673e+09	3.14159	22.5131	0.123735	
13.8907	1.52673e+09	3.14159	22.7488	0.140226	
13.8959	1.52673e+09	3.14159	22.7472	0.144416	
13.9323	1.52673e+09	3.14159	22.8202	0.123052	
13.9954	1.52673e+09	3.14159	23.1729	0.124967	
14.0077	1.52673e+09	3.14159	23.1789	0.149012	
14.0808	1.52673e+09	3.14159	23.3447	0.124051	
14.0893	1.52673e+09	3.14159	23.4843	0.143997	
14.1774	1.52673e+09	3.14159	24.1989	0.145831	
14.2225	1.52673e+09	3.14159	23.7945	0.156552	
14.227	1.52673e+09	3.14159	24.3039	0.140814	
14.2437	1.52673e+09	3.14159	24.6866	0.140526	
14.2545	1.52673e+09	3.14159	25.2553	0.152022	
14.2819	1.52673e+09	3.14159	25.2156	0.13445	
14.2988	1.52673e+09	3.14159	25.3054	0.144438	
14.3021	1.52673e+09	3.14159	25.3693	0.133723	
14.3387	1.52673e+09	3.14159	25.5914	0.164756	
14.367	1.52673e+09	3.14159	25.7979	0.124604	
14.3848	1.52673e+09	3.14159	26.2341	0.128221	
14.4077	1.52673e+09	3.14159	25.8629	0.154892	
14.4624	1.52673e+09	3.14159	25.8556	0.130603	
14.5551	1.52673e+09	3.14159	26.0322	0.142276	
14.5868	1.52673e+09	3.14159	25.9863	0.146869	
14.5924	1.52673e+09	3.14159	26.1231	0.139307	
14.7286	1.52673e+09	3.14159	26.2918	0.12289	
14.7504	1.52673e+09	3.14159	26.3341	0.137741	
14.7548	1.52673e+09	3.14159	26.3176	0.116326	
14.755	1.52673e+09	3.14159	26.4103	0.147285	
14.7698	1.52673e+09	3.14159	26.5037	0.160409	
14.8084	1.52673e+09	3.14159	26.3907	0.170181	
14.8206	1.52673e+09	3.14159	26.4055	0.17188	
14.8421	1.52673e+09	3.14159	26.4593	0.141293	
14.8455	1.52673e+09	3.14159	26.4195	0.141581	
14.8547	1.52673e+09	3.14159	26.4697	0.130806	
14.869	1.52673e+09	3.14159	26.3162	0.127337	
14.8798	1.52673e+09	3.14159	26.6187	0.143351	
14.8809	1.52673e+09	3.14159	26.4423	0.142784	
14.8857	1.52673e+09	3.14159	26.9759	0.12393	
14.923	1.52673e+09	3.14159	26.7098	0.150947	
14.9395	1.52673e+09	3.14159	26.4014	0.156473	
14.9869	1.52673e+09	3.14159	26.3724	0.140033	
14.9935	1.52673e+09	3.14159	26.336	0.162767	
14.9959	1.52673e+09	3.14159	26.4985	0.145959	
15.0072	1.52673e+09	3.14159	26.0518	0.165203	
15.0508	1.52673e+09	3.14159	25.9713	0.131509	
15.0715	1.52673e+09	3.14159	25.9529	0.141445	
15.1572	1.52673e+09	3.14159	25.8586	0.153574	
15.1781	1.52673e+09	3.14159	26.2356	0.197164	
15.1831	1.52673e+09	3.14159	25.7112	0.138879	
15.2002	1.52673e+09	3.14159	25.3829	0.155211	
15.2316	1.52673e+09	3.14159	25.2372	0.158654	
15.2438	1.52673e+09	3.14159	25.313	0.147237	
15.3044	1.52673e+09	3.14159	24.8843	0.140187	
15.32	1.52673e+09	3.14159	24.6806	0.139799	
15.3527	1.52673e+09	3.14159	24.4373	0.150799	
15.3745	1.52673e+09	3.14159	24.138	0.14881	
15.3821	1.52673e+09	3.14159	23.9617	0.132246	
15.4386	1.52673e+09	3.14159	23.9495	0.138	
15.443	1.52673e+09	3.14159	23.8947	0.148218	
15.4984	1.52673e+09	3.14159	23.8159	0.180769	
15.5019	1.52673e+09	3.14159	23.5467	0.136262	
15.544	1.52673e+09	3.14159	23.1783	0.153195	
15.5923	1.52673e+09	3.14159	22.6863	0.161691	
15.615	1.52673e+09	3.14159	22.612	0.139123	
15.7009	1.52673e+09	3.14159	22.4204	0.163969	
15.705	1.52673e+09	3.14159	22.2335	0.140575	
15.7553	1.52673e+09	3.14159	22.2505	0.154943	
15.7867	1.52673e+09	3.14159	22.0209	0.140285	
15.801	1.52673e+09	3.14159	19.6603	0.162001	
15.8199	1.52673e+09	3.14159	19.8232	0.124497	
15.8279	1.52673e+09	3.14159	19.563	0.14932	
15.8382	1.52673e+09	3.14159	19.0993	0.149965	
15.8624	1.52673e+09	3.14159	18.7176	0.143145	
15.8766	1.52673e+09	3.14159	18.6723	0.141313	
15.898	1.52673e+09	3.14159	19.7635	0.131722	
15.9005	1.52673e+09	3.14159	16.8816	0.12546	
15.9097	1.52673e+09	3.14159	16.1473	0.133844	
15.9218	1.52673e+09	3.14159	16.0937	0.133926	
15.9351	1.52673e+09	3.14159	15.5227	0.135011	
15.9359	1.52673e+09	3.14159	15.2718	0.123418	
15.9891	1.52673e+09	3.14159	15.1867	0.133871	
15.9975	1.52673e+09	3.14159	15.1806	0.137928	
16.0286	1.52673e+09	3.14159	15.0134	0.124233	
16.0627	1.52673e+09	3.14159	14.8478	0.167253	
16.0843	1.52673e+09	3.14159	13.8947	0.148656	
16.1082	1.52673e+09	3.14159	13.7047	0.141678	
16.1652	1.52673e+09	3.14159	12.9812	0.129775	
16.1746	1.52673e+09	3.14159	12.5838	0.135293	
16.183	1.52673e+09	3.14159	12.3673	0.120909	
16.2092	1.52673e+09	3.14159	11.9521	0.133465	
16.3478	1.52673e+09	3.14159	11.9247	0.130437	
16.3741	1.52673e+09	3.14159	11.4323	0.143964	
16.3785	1.52673e+09	3.14159	11.2028	0.126468	
16.3857	1.52673e+09	3.14159	10.826	0.14357	
16.4575	1.52673e+09	3.14159	10.6891	0.128447	
16.4934	1.52673e+09	3.14159	11.5636	0.139658	
16.5696	1.52673e+09	3.14159	10.4246	0.144292	
16.5962	1.52673e+09	3.14159	10.3977	0.157197	
16.613	1.52673e+09	3.14159	9.487	0.107131	
16.6172	1.52673e+09	3.14159	8.94257	0.121228	
16.663	1.52673e+09	3.14159	8.12478	0.138496	
16.7193	1.52673e+09	3.14159	8.26004	0.147465	
16.8294	1.52673e+09	3.14159	7.81928	0.114925	
16.8343	1.52673e+09	3.14159	7.23717	0.141954	
16.8876	1.52673e+09	3.14159	7.15197	0.110632	
16.9127	1.52673e+09	3.14159	7.06258	0.131374	
16.9403	1.52673e+09	3.14159	5.77944	0.12068	
16.9633	1.52673e+09	3.14159	6.01962	0.107273	
16.9921	1.52673e+09	3.14159	4.84772	0.12095	
17.0027	1.52673e+09	3.14159	4.43876	0.12779	
17.073	1.52673e+09	3.14159	4.06201	0.117031	
17.0829	1.52673e+09	3.14159	3.94937	0.131972	
17.1099	1.52673e+09	3.14159	3.79287	0.119948	
17.1248	1.52673e+09	3.14159	3.75926	0.111397	
17.1766	1.52673e+09	3.14159	3.57696	0.120471	
17.257	1.52673e+09	3.14159	3.49512	0.113514	
17.292	1.52673e+09	3.14159	3.32625	0.118626	
17.3387	1.52673e+09	3.14159	2.40995	0.118404	
17.3604	1.52673e+09	3.14159	1.96194	0.107962	
17.4075	1.52673e+09	3.14159	2.10874	0.115293	
17.4529	1.52673e+09	3.14159	1.90796	0.107327	
17.4635	1.52673e+09	3.14159	1.76216	0.106819	
17.4796	1.52673e+09	3.14159	1.82084	0.107854	
17.5132	1.52673e+09	3.14159	2.28283	0.108098	
17.5364	1.52673e+09	3.14159	1.94553	0.114517	
17.5851	1.52673e+09	3.14159	1.94592	0.114382	
17.5976	1.52673e+09	3.14159	2.29962	0.115293	
17.6075	1.52673e+09	3.14159	2.29661	0.10854	
17.6102	1.52673e+09	3.14159	2.02059	0.119239	
17.616	1.52673e+09	3.14159	2.05011	0.114408	
17.6412	1.52673e+09	3.14159	1.85535	0.115576	
17.6453	1.52673e+09	3.14159	1.83365	0.108204	
17.6937	1.52673e+09	3.14159	1.66752	0.119731	
17.6958	1.52673e+09	3.14159	2.20867	0.108667	
17.7044	1.52673e+09	3.14159	3.06193	0.114789	
17.7462	1.52673e+09	3.14159	3.36751	0.106358	
17.7486	1.52673e+09	3.14159	3.44909	0.132606	
17.7535	1.52673e+09	3.14159	3.3852	0.118757	
17.7553	1.52673e+09	3.14159	3.3563	0.122165	
17.7557	1.52673e+09	3.14159	2.38427	0.123651	
17.803	1.52673e+09	3.14159	4.56469	0.13244	
17.841	1.52673e+09	3.14159	5.74426	0.117126	
17.877	1.52673e+09	3.14159	5.93268	0.108502	
17.9008	1.52673e+09	3.14159	5.94657	0.12154	
17.9123	1.52673e+09	3.14159	5.98438	0.119492	
17.9586	1.52673e+09	3.14159	6.02237	0.103485	
18.0012	1.52673e+09	3.14159	6.00726	0.122411	
18.0563	1.52673e+09	3.14159	5.8825	0.114202	
18.0596	1.52673e+09	3.14159	4.70156	0.129643	
18.0869	1.52673e+09	3.14159	4.36862	0.136271	
18.1288	1.52673e+09	3.14159	4.26344	0.11039	
18.1353	1.52673e+09	3.14159	3.70304	0.118223	
18.1604	1.52673e+09	3.14159	3.54606	0.1073	
18.1642	1.52673e+09	3.14159	3.95371	0.118005	
18.2432	1.52673e+09	3.14159	4.09569	0.0966306	
18.2514	1.52673e+09	3.14159	4.10138	0.117104	
18.2893	1.52673e+09	3.14159	4.98089	0.12019	
18.3076	1.52673e+09	3.14159	5.43174	0.120674	
18.3333	1.52673e+09	3.14159	5.42774	0.110128	
18.3672	1.52673e+09	3.14159	6.50425	0.109132	
18.4644	1.52673e+09	3.14159	6.8714	0.112263	
18.5161	1.52673e+09	3.14159	6.98264	0.114513	
18.5762	1.52673e+09	3.14159	7.27792	0.112569	
18.5804	1.52673e+09	3.14159	7.32995	0.133062	
18.6045	1.52673e+09	3.14159	8.30719	0.124241	
18.6776	1.52673e+09	3.14159	10.4282	0.126075	
18.7026	1.52673e+09	3.14159	10.4045	0.119252	
18.7373	1.52673e+09	3.14159	10.942	0.108149	
18.8155	1.52673e+09	3.14159	12.4322	0.13108	
18.823	1.52673e+09	3.14159	12.4551	0.126534	
18.8489	1.52673e+09	3.14159	12.5238	0.121029	
18.8738	1.52673e+09	3.14159	12.7685	0.111239	
18.9252	1.52673e+09	3.14159	13.1177	0.121946	
19.0725	1.52673e+09	3.14159	13.4309	0.139181	
19.0938	1.52673e+09	3.14159	13.8647	0.108072	
19.1686	1.52673e+09	3.14159	13.7973	0.12172	
19.1714	1.52673e+09	3.14159	13.803	0.114189	
19.1923	1.52673e+09	3.14159	13.9784	0.131057	
19.1953	1.52673e+09	3.14159	14.4554	0.122593	
19.2076	1.52673e+09	3.14159	14.5526	0.135578	
19.2394	1.52673e+09	3.14159	14.7125	0.130324	
19.2677	1.52673e+09	3.14159	14.7836	0.125259	
19.2806	1.52673e+09	3.14159	14.9327	0.1377	
19.2831	1.52673e+09	3.14159	15.0633	0.112848	
19.3364	1.52673e+09	3.14159	16.097	0.111453	
19.3578	1.52673e+09	3.14159	15.2733	0.127641	
19.3698	1.52673e+09	3.14159	16.3371	0.102444	
19.3749	1.52673e+09	3.14159	15.3096	0.122616	
19.3751	1.52673e+09	3.14159	15.2746	0.129082	
19.4073	1.52673e+09	3.14159	15.1107	0.120064	
19.4436	1.52673e+09	3.14159	15.0498	0.124929	
19.4465	1.52673e+09	3.14159	14.9995	0.125084	
19.4796	1.52673e+09	3.14159	14.7365	0.16072	
19.4936	1.52673e+09	3.14159	14.4968	0.139767	
19.5311	1.52673e+09	3.14159	14.3824	0.134405	
19.5379	1.52673e+09	3.14159	14.1875	0.0972745	
19.5836	1.52673e+09	3.14159	13.6786	0.109468	
19.5907	1.52673e+09	3.14159	13.6547	0.139171	
19.6323	1.52673e+09	3.14159	13.7425	0.142969	
19.6582	1.52673e+09	3.14159	13.1755	0.11875	
19.6595	1.52673e+09	3.14159	12.4265	0.113197	
19.7096	1.52673e+09	3.14159	11.5628	0.123755	
19.7317	1.52673e+09	3.14159	11.7112	0.100359	
19.8266	1.52673e+09	3.14159	11.2405	0.134132	
19.8404	1.52673e+09	3.14159	10.6836	0.102065	
19.8417	1.52673e+09	3.14159	10.0215	0.122622	
19.847	1.52673e+09	3.14159	9.78886	0.133851	
19.8582	1.52673e+09	3.14159	9.63536	0.133164	
