idx timestamp pi t2 t1+t3
0	1.52509e+09	3.14159	1.7088	0.268448	
0.0476561	1.52509e+09	3.14159	1.80894	0.152155	
0.103853	1.52509e+09	3.14159	6.59332	0.140138	
0.107344	1.52509e+09	3.14159	7.50057	0.16186	
0.117964	1.52509e+09	3.14159	8.1377	0.151078	
0.132238	1.52509e+09	3.14159	8.35642	0.15904	
0.142796	1.52509e+09	3.14159	7.8798	0.158515	
0.177899	1.52509e+09	3.14159	6.23147	0.138253	
0.300007	1.52509e+09	3.14159	1.72533	0.137146	
0.330873	1.52509e+09	3.14159	2.12555	0.160655	
0.353431	1.52509e+09	3.14159	2.12186	0.119247	
0.46707	1.52509e+09	3.14159	3.27886	0.154906	
0.472909	1.52509e+09	3.14159	3.87826	0.154913	
0.510609	1.52509e+09	3.14159	3.85817	0.158916	
0.524133	1.52509e+09	3.14159	3.3699	0.153491	
0.588645	1.52509e+09	3.14159	2.63731	0.105546	
0.60095	1.52509e+09	3.14159	2.64256	0.154718	
0.664654	1.52509e+09	3.14159	1.75214	0.132891	
0.792654	1.52509e+09	3.14159	1.78419	0.117868	
0.827542	1.52509e+09	3.14159	1.70916	0.152214	
0.866718	1.52509e+09	3.14159	1.70795	0.15106	
0.916907	1.52509e+09	3.14159	1.75506	0.141779	
1.0086	1.52509e+09	3.14159	3.11199	0.150049	
1.01339	1.52509e+09	3.14159	3.10857	0.156469	
1.10015	1.52509e+09	3.14159	3.42265	0.240336	
1.10408	1.52509e+09	3.14159	3.43641	0.123324	
1.18214	1.52509e+09	3.14159	2.94577	0.161433	
1.19236	1.52509e+09	3.14159	2.94474	0.128854	
1.26235	1.52509e+09	3.14159	4.75113	0.153243	
1.27202	1.52509e+09	3.14159	5.92073	0.172206	
1.27603	1.52509e+09	3.14159	5.90998	0.143423	
1.28684	1.52509e+09	3.14159	5.47018	0.133145	
1.42187	1.52509e+09	3.14159	3.72232	0.115562	
1.43318	1.52509e+09	3.14159	5.55309	0.121706	
1.44086	1.52509e+09	3.14159	5.77496	0.1223	
1.48005	1.52509e+09	3.14159	5.61587	0.103156	
1.49273	1.52509e+09	3.14159	5.30233	0.144465	
1.53912	1.52509e+09	3.14159	3.33176	0.121262	
1.62605	1.52509e+09	3.14159	2.59562	0.159751	
1.63934	1.52509e+09	3.14159	2.60199	0.158206	
1.72362	1.52509e+09	3.14159	1.78274	0.146177	
1.80701	1.52509e+09	3.14159	2.72659	0.14588	
1.81988	1.52509e+09	3.14159	2.70462	0.134838	
1.89143	1.52509e+09	3.14159	2.96655	0.185109	
1.90332	1.52509e+09	3.14159	4.5099	0.127629	
1.93246	1.52509e+09	3.14159	6.93163	0.133231	
1.94905	1.52509e+09	3.14159	8.01472	0.219705	
1.95403	1.52509e+09	3.14159	8.08364	0.193749	
1.96314	1.52509e+09	3.14159	8.15071	0.233047	
1.98844	1.52509e+09	3.14159	8.20508	0.134461	
2.04496	1.52509e+09	3.14159	7.55138	0.160308	
2.08894	1.52509e+09	3.14159	6.56005	0.196959	
2.09302	1.52509e+09	3.14159	6.41422	0.216476	
2.10492	1.52509e+09	3.14159	5.88968	0.181792	
2.22965	1.52509e+09	3.14159	1.75877	0.137934	
2.28184	1.52509e+09	3.14159	3.64933	0.160406	
2.28666	1.52509e+09	3.14159	4.18564	0.147167	
2.31836	1.52509e+09	3.14159	4.19516	0.14651	
2.34173	1.52509e+09	3.14159	3.25229	0.140078	
2.40115	1.52509e+09	3.14159	2.35743	0.146132	
2.41844	1.52509e+09	3.14159	2.41497	0.150884	
2.45679	1.52509e+09	3.14159	1.7672	0.150814	
2.65174	1.52509e+09	3.14159	3.36347	0.141948	
2.66503	1.52509e+09	3.14159	5.27754	0.19113	
2.66947	1.52509e+09	3.14159	5.4397	0.119189	
2.71267	1.52509e+09	3.14159	5.05904	0.155412	
2.73503	1.52509e+09	3.14159	4.68767	0.150524	
2.77515	1.52509e+09	3.14159	3.07435	0.153227	
2.86058	1.52509e+09	3.14159	1.70412	0.103589	
2.93296	1.52509e+09	3.14159	1.68603	0.136028	
3.06874	1.52509e+09	3.14159	1.75779	0.144629	
3.15717	1.52509e+09	3.14159	1.76082	0.117619	
3.33685	1.52509e+09	3.14159	1.69357	0.116525	
3.41769	1.52509e+09	3.14159	3.48918	0.113309	
3.42719	1.52509e+09	3.14159	5.34365	0.155132	
3.44367	1.52509e+09	3.14159	5.83089	0.113724	
3.46716	1.52509e+09	3.14159	5.46365	0.15112	
3.47873	1.52509e+09	3.14159	5.6584	0.148152	
3.55395	1.52509e+09	3.14159	3.80771	0.100698	
3.55456	1.52509e+09	3.14159	3.71682	0.217622	
3.69654	1.52509e+09	3.14159	1.74128	0.130847	
3.78237	1.52509e+09	3.14159	3.27101	0.210768	
3.78821	1.52509e+09	3.14159	3.27112	0.13462	
4.06284	1.52509e+09	3.14159	5.38381	0.152763	
4.07531	1.52509e+09	3.14159	11.5095	0.152789	
4.07852	1.52509e+09	3.14159	12.3904	0.149477	
4.08369	1.52509e+09	3.14159	13.0436	0.150324	
4.08735	1.52509e+09	3.14159	13.4316	0.148746	
4.13608	1.52509e+09	3.14159	16.7877	0.127318	
4.14035	1.52509e+09	3.14159	17.0968	0.150738	
4.15056	1.52509e+09	3.14159	17.3975	0.15985	
4.16209	1.52509e+09	3.14159	17.6317	0.142684	
4.1841	1.52509e+09	3.14159	17.9036	0.152853	
4.18843	1.52509e+09	3.14159	17.9238	0.146148	
4.25629	1.52509e+09	3.14159	17.9436	0.158245	
4.26814	1.52509e+09	3.14159	17.9517	0.147744	
4.29348	1.52509e+09	3.14159	17.7797	0.13436	
4.30849	1.52509e+09	3.14159	17.6397	0.125948	
4.36977	1.52509e+09	3.14159	16.9277	0.148441	
4.37251	1.52509e+09	3.14159	16.8765	0.125934	
4.40233	1.52509e+09	3.14159	16.1559	0.155329	
4.46176	1.52509e+09	3.14159	14.6716	0.133456	
4.48783	1.52509e+09	3.14159	13.9541	0.149601	
4.50752	1.52509e+09	3.14159	13.3077	0.180198	
4.52121	1.52509e+09	3.14159	12.8318	0.158827	
4.60709	1.52509e+09	3.14159	8.74766	0.141057	
4.65379	1.52509e+09	3.14159	6.47454	0.157665	
4.75485	1.52509e+09	3.14159	1.98782	0.172679	
4.80143	1.52509e+09	3.14159	3.02389	0.147513	
4.81119	1.52509e+09	3.14159	3.00302	0.152618	
5.03692	1.52509e+09	3.14159	1.82513	0.146869	
5.14116	1.52509e+09	3.14159	1.77786	0.142744	
5.1707	1.52509e+09	3.14159	1.78747	0.148379	
5.28188	1.52509e+09	3.14159	3.38784	0.134777	
5.28477	1.52509e+09	3.14159	3.38928	0.125444	
5.37652	1.52509e+09	3.14159	2.96074	0.158593	
5.38621	1.52509e+09	3.14159	3.16518	0.156271	
5.43221	1.52509e+09	3.14159	1.97557	0.150572	
5.47113	1.52509e+09	3.14159	3.52114	0.100063	
5.48562	1.52509e+09	3.14159	4.42313	0.136693	
5.48732	1.52509e+09	3.14159	4.36969	0.139441	
5.59149	1.52509e+09	3.14159	2.57257	0.116699	
5.60943	1.52509e+09	3.14159	2.54239	0.11254	
5.66143	1.52509e+09	3.14159	1.79257	0.153867	
5.73572	1.52509e+09	3.14159	1.78428	0.131696	
5.85113	1.52509e+09	3.14159	3.34156	0.170688	
5.85487	1.52509e+09	3.14159	3.33904	0.133391	
5.993	1.52509e+09	3.14159	3.3683	0.134488	
5.99743	1.52509e+09	3.14159	3.35596	0.0981019	
6.22964	1.52509e+09	3.14159	1.78013	0.15528	
6.26001	1.52509e+09	3.14159	1.7911	0.15038	
6.35652	1.52509e+09	3.14159	1.79383	0.1478	
6.39089	1.52509e+09	3.14159	3.74619	0.149794	
6.39749	1.52509e+09	3.14159	4.13491	0.140902	
6.42511	1.52509e+09	3.14159	3.30995	0.153619	
6.49078	1.52509e+09	3.14159	2.47409	0.115166	
6.50883	1.52509e+09	3.14159	2.47016	0.135162	
6.62198	1.52509e+09	3.14159	3.7401	0.151879	
6.63427	1.52509e+09	3.14159	4.61228	0.148738	
6.63933	1.52509e+09	3.14159	4.61302	0.153011	
6.70635	1.52509e+09	3.14159	3.78368	0.105659	
6.7167	1.52509e+09	3.14159	3.65568	0.121522	
6.76482	1.52509e+09	3.14159	2.20602	0.174412	
6.89077	1.52509e+09	3.14159	1.812	0.150173	
6.94048	1.52509e+09	3.14159	4.0967	0.134348	
6.95016	1.52509e+09	3.14159	4.63951	0.111211	
6.9581	1.52509e+09	3.14159	4.3989	0.120944	
7.06355	1.52509e+09	3.14159	1.77962	0.155122	
7.10374	1.52509e+09	3.14159	1.78388	0.150643	
7.15781	1.52509e+09	3.14159	2.96007	0.147595	
7.16775	1.52509e+09	3.14159	2.96644	0.128243	
7.29446	1.52509e+09	3.14159	1.79069	0.118412	
7.35216	1.52509e+09	3.14159	1.70636	0.122028	
7.44396	1.52509e+09	3.14159	4.1207	0.219076	
7.44634	1.52509e+09	3.14159	4.23852	0.192168	
7.47351	1.52509e+09	3.14159	3.41388	0.125699	
7.56942	1.52509e+09	3.14159	1.76041	0.112998	
7.59849	1.52509e+09	3.14159	1.94704	0.123504	
7.62493	1.52509e+09	3.14159	1.88488	0.136779	
7.68688	1.52509e+09	3.14159	1.79444	0.163733	
7.71943	1.52509e+09	3.14159	5.41774	0.152213	
7.72719	1.52509e+09	3.14159	7.23165	0.144668	
7.74422	1.52509e+09	3.14159	8.14564	0.13691	
7.7457	1.52509e+09	3.14159	8.13158	0.143849	
7.75083	1.52509e+09	3.14159	7.95763	0.1538	
7.79412	1.52509e+09	3.14159	5.86347	0.143904	
7.90492	1.52509e+09	3.14159	2.55822	0.141296	
7.92023	1.52509e+09	3.14159	2.60878	0.121298	
7.96081	1.52509e+09	3.14159	1.76243	0.152165	
8.00175	1.52509e+09	3.14159	1.83611	0.141958	
8.19326	1.52509e+09	3.14159	3.03227	0.150677	
8.207	1.52509e+09	3.14159	4.51734	0.133469	
8.22305	1.52509e+09	3.14159	4.57279	0.116367	
8.25098	1.52509e+09	3.14159	3.53591	0.147933	
8.40589	1.52509e+09	3.14159	1.81671	0.134091	
8.51357	1.52509e+09	3.14159	1.75356	0.130288	
8.59754	1.52509e+09	3.14159	1.6932	0.154426	
8.67131	1.52509e+09	3.14159	1.75631	0.135054	
8.71205	1.52509e+09	3.14159	1.7076	0.150818	
8.85536	1.52509e+09	3.14159	1.71987	0.132528	
8.96758	1.52509e+09	3.14159	1.68701	0.135377	
9.04257	1.52509e+09	3.14159	3.29155	0.123692	
9.04478	1.52509e+09	3.14159	3.27395	0.126258	
9.14877	1.52509e+09	3.14159	2.19025	0.116769	
9.16795	1.52509e+09	3.14159	2.17958	0.159692	
9.21463	1.52509e+09	3.14159	1.75188	0.103596	
9.27694	1.52509e+09	3.14159	1.73043	0.143456	
9.32229	1.52509e+09	3.14159	1.69698	0.153669	
9.38786	1.52509e+09	3.14159	2.72183	0.149602	
9.39914	1.52509e+09	3.14159	2.93942	0.150337	
9.44321	1.52509e+09	3.14159	3.7995	0.114604	
9.44367	1.52509e+09	3.14159	3.7863	0.150298	
9.49113	1.52509e+09	3.14159	2.33809	0.115561	
9.56999	1.52509e+09	3.14159	4.57219	0.214529	
9.57346	1.52509e+09	3.14159	5.21764	0.165958	
9.57821	1.52509e+09	3.14159	5.0891	0.146142	
9.64599	1.52509e+09	3.14159	2.4044	0.1629	
9.70798	1.52509e+09	3.14159	4.05203	0.154113	
9.71096	1.52509e+09	3.14159	4.2033	0.145232	
9.74053	1.52509e+09	3.14159	3.53261	0.175343	
9.79185	1.52509e+09	3.14159	1.99139	0.152584	
9.89787	1.52509e+09	3.14159	1.75775	0.139041	
10.0495	1.52509e+09	3.14159	3.37924	0.103953	
10.0581	1.52509e+09	3.14159	4.51561	0.133704	
10.0836	1.52509e+09	3.14159	5.20774	0.151076	
10.1051	1.52509e+09	3.14159	4.77962	0.130079	
10.1264	1.52509e+09	3.14159	3.90469	0.156372	
10.2263	1.52509e+09	3.14159	1.74854	0.141066	
10.2793	1.52509e+09	3.14159	1.69701	0.138052	
10.3229	1.52509e+09	3.14159	2.11786	0.136679	
10.3446	1.52509e+09	3.14159	2.11444	0.151105	
10.5307	1.52509e+09	3.14159	3.35971	0.110191	
10.5318	1.52509e+09	3.14159	3.42654	0.130465	
10.5849	1.52509e+09	3.14159	4.44087	0.150299	
10.5892	1.52509e+09	3.14159	4.64973	0.122642	
10.6084	1.52509e+09	3.14159	5.58882	0.111593	
10.656	1.52509e+09	3.14159	6.64779	0.137841	
10.6606	1.52509e+09	3.14159	6.73526	0.145478	
10.68	1.52509e+09	3.14159	7.09838	0.132752	
10.7124	1.52509e+09	3.14159	7.57164	0.149045	
10.7534	1.52509e+09	3.14159	7.65565	0.136113	
10.7631	1.52509e+09	3.14159	7.75967	0.143224	
10.7917	1.52509e+09	3.14159	8.06716	0.119045	
10.8052	1.52509e+09	3.14159	7.99977	0.154405	
10.8745	1.52509e+09	3.14159	6.66783	0.103786	
10.8754	1.52509e+09	3.14159	6.61905	0.156577	
10.8817	1.52509e+09	3.14159	6.32653	0.120718	
11.0226	1.52509e+09	3.14159	3.81326	0.197255	
11.0258	1.52509e+09	3.14159	3.94379	0.158828	
11.0594	1.52509e+09	3.14159	4.55018	0.120075	
11.0955	1.52509e+09	3.14159	4.26129	0.111627	
11.0966	1.52509e+09	3.14159	4.2112	0.154709	
11.1711	1.52509e+09	3.14159	1.69257	0.151507	
11.2478	1.52509e+09	3.14159	2.15937	0.135211	
11.2711	1.52509e+09	3.14159	3.4197	0.150317	
11.2818	1.52509e+09	3.14159	3.10022	0.14843	
11.372	1.52509e+09	3.14159	1.75807	0.145066	
11.5245	1.52509e+09	3.14159	3.49611	0.157996	
11.5389	1.52509e+09	3.14159	6.71769	0.136018	
11.5476	1.52509e+09	3.14159	7.17687	0.153375	
11.5721	1.52509e+09	3.14159	8.30365	0.155865	
11.574	1.52509e+09	3.14159	8.35967	0.15391	
11.5953	1.52509e+09	3.14159	8.60772	0.153134	
11.6734	1.52509e+09	3.14159	10.1416	0.114976	
11.6749	1.52509e+09	3.14159	10.1615	0.147075	
11.6855	1.52509e+09	3.14159	10.0608	0.135659	
11.6865	1.52509e+09	3.14159	10.0199	0.140491	
11.7426	1.52509e+09	3.14159	7.89168	0.158377	
11.7496	1.52509e+09	3.14159	7.67038	0.145411	
11.8743	1.52509e+09	3.14159	3.84942	0.154088	
11.8782	1.52509e+09	3.14159	3.86311	0.149402	
11.9276	1.52509e+09	3.14159	2.3732	0.151642	
11.9703	1.52509e+09	3.14159	3.23587	0.157953	
11.9768	1.52509e+09	3.14159	3.29492	0.170974	
12.0265	1.52509e+09	3.14159	1.87531	0.152974	
12.0754	1.52509e+09	3.14159	2.78137	0.123898	
12.0949	1.52509e+09	3.14159	5.41645	0.114774	
12.0972	1.52509e+09	3.14159	5.62703	0.132446	
12.1327	1.52509e+09	3.14159	7.9677	0.143427	
12.1502	1.52509e+09	3.14159	9.15581	0.157668	
12.1703	1.52509e+09	3.14159	9.85164	0.241715	
12.1868	1.52509e+09	3.14159	10.2717	0.144023	
12.1914	1.52509e+09	3.14159	10.3684	0.139427	
12.2507	1.52509e+09	3.14159	10.3402	0.121606	
12.2536	1.52509e+09	3.14159	10.2636	0.127069	
12.2869	1.52509e+09	3.14159	9.5386	0.153298	
12.3392	1.52509e+09	3.14159	8.31445	0.124039	
12.3406	1.52509e+09	3.14159	8.27311	0.105313	
12.4239	1.52509e+09	3.14159	6.78657	0.163246	
12.4446	1.52509e+09	3.14159	7.07857	0.151559	
12.4858	1.52509e+09	3.14159	8.26875	0.117687	
12.4873	1.52509e+09	3.14159	7.95574	0.151385	
12.5119	1.52509e+09	3.14159	7.65968	0.153112	
12.5276	1.52509e+09	3.14159	7.32061	0.142785	
12.6008	1.52509e+09	3.14159	3.73338	0.174021	
12.7648	1.52509e+09	3.14159	1.74791	0.148227	
13.026	1.52509e+09	3.14159	1.77971	0.133445	
13.1008	1.52509e+09	3.14159	2.73313	0.137101	
13.1208	1.52509e+09	3.14159	7.07623	0.134881	
13.1252	1.52509e+09	3.14159	7.32271	0.146688	
13.1438	1.52509e+09	3.14159	7.30267	0.107662	
13.149	1.52509e+09	3.14159	7.13423	0.15297	
13.1846	1.52509e+09	3.14159	5.50078	0.151575	
13.301	1.52509e+09	3.14159	2.72634	0.137883	
13.3138	1.52509e+09	3.14159	2.72027	0.135941	
13.3778	1.52509e+09	3.14159	2.77089	0.154397	
13.3884	1.52509e+09	3.14159	2.77585	0.142427	
13.5219	1.52509e+09	3.14159	1.69014	0.152938	
13.5543	1.52509e+09	3.14159	2.9339	0.14857	
13.5622	1.52509e+09	3.14159	2.89205	0.281518	
13.6334	1.52509e+09	3.14159	1.77741	0.140751	
13.6602	1.52509e+09	3.14159	2.99834	0.116163	
13.6715	1.52509e+09	3.14159	3.42702	0.112967	
13.714	1.52509e+09	3.14159	4.69426	0.134168	
13.7211	1.52509e+09	3.14159	4.5102	0.144035	
13.7503	1.52509e+09	3.14159	3.57547	0.117683	
13.8149	1.52509e+09	3.14159	1.73543	0.14368	
13.9663	1.52509e+09	3.14159	3.0954	0.123222	
13.9721	1.52509e+09	3.14159	3.46208	0.12395	
14.017	1.52509e+09	3.14159	2.17184	0.147771	
14.1021	1.52509e+09	3.14159	2.84336	0.149009	
14.1135	1.52509e+09	3.14159	2.85941	0.123948	
14.2971	1.52509e+09	3.14159	1.73036	0.144747	
14.325	1.52509e+09	3.14159	1.76053	0.129592	
14.3877	1.52509e+09	3.14159	3.00186	0.166697	
14.3963	1.52509e+09	3.14159	3.26824	0.153608	
14.442	1.52509e+09	3.14159	2.50151	0.120439	
14.4707	1.52509e+09	3.14159	3.692	0.147316	
14.479	1.52509e+09	3.14159	3.43648	0.132531	
14.6111	1.52509e+09	3.14159	2.22512	0.144547	
14.6315	1.52509e+09	3.14159	2.21479	0.13185	
14.702	1.52509e+09	3.14159	1.76754	0.12459	
14.8164	1.52509e+09	3.14159	1.68366	0.142397	
14.907	1.52509e+09	3.14159	2.91823	0.14522	
14.9165	1.52509e+09	3.14159	2.90685	0.151592	
14.976	1.52509e+09	3.14159	1.78848	0.144699	
15.027	1.52509e+09	3.14159	2.13544	0.139117	
15.0503	1.52509e+09	3.14159	2.07796	0.13753	
15.0915	1.52509e+09	3.14159	3.05231	0.135274	
15.0985	1.52509e+09	3.14159	3.15062	0.140078	
15.1946	1.52509e+09	3.14159	3.44646	0.150587	
15.2085	1.52509e+09	3.14159	3.93059	0.119969	
15.2297	1.52509e+09	3.14159	3.48368	0.151411	
15.2789	1.52509e+09	3.14159	1.95445	0.148916	
15.3194	1.52509e+09	3.14159	3.38168	0.130275	
15.3269	1.52509e+09	3.14159	3.75841	0.134973	
15.365	1.52509e+09	3.14159	2.52596	0.148044	
15.4169	1.52509e+09	3.14159	1.70064	0.159456	
15.4953	1.52509e+09	3.14159	1.69106	0.143006	
15.5746	1.52509e+09	3.14159	1.69716	0.149915	
15.6171	1.52509e+09	3.14159	3.65325	0.145024	
15.632	1.52509e+09	3.14159	6.59825	0.134326	
15.6394	1.52509e+09	3.14159	7.28536	0.146	
15.6478	1.52509e+09	3.14159	7.61183	0.134885	
15.6961	1.52509e+09	3.14159	8.41079	0.223924	
15.7059	1.52509e+09	3.14159	8.71811	0.131845	
15.7224	1.52509e+09	3.14159	8.95979	0.156456	
15.7587	1.52509e+09	3.14159	8.84379	0.144316	
15.8197	1.52509e+09	3.14159	10.6637	0.159502	
15.8243	1.52509e+09	3.14159	10.6916	0.138582	
15.8267	1.52509e+09	3.14159	10.6483	0.152884	
15.8453	1.52509e+09	3.14159	10.2132	0.141497	
15.8933	1.52509e+09	3.14159	8.91967	0.126508	
15.9171	1.52509e+09	3.14159	7.97833	0.138803	
15.9491	1.52509e+09	3.14159	6.36612	0.154217	
16.0942	1.52509e+09	3.14159	1.71371	0.126364	
16.1411	1.52509e+09	3.14159	1.72008	0.139011	
16.21	1.52509e+09	3.14159	2.1379	0.162693	
16.2362	1.52509e+09	3.14159	3.51537	0.145752	
16.2478	1.52509e+09	3.14159	3.19272	0.113	
16.4044	1.52509e+09	3.14159	1.82866	0.152565	
16.44	1.52509e+09	3.14159	1.82363	0.139578	
16.4789	1.52509e+09	3.14159	1.71484	0.128231	
16.5419	1.52509e+09	3.14159	1.73537	0.150756	
16.5904	1.52509e+09	3.14159	1.69942	0.136646	
16.6309	1.52509e+09	3.14159	1.79927	0.110874	
16.6632	1.52509e+09	3.14159	1.73008	0.147029	
16.77	1.52509e+09	3.14159	1.74691	0.208289	
17.0318	1.52509e+09	3.14159	1.9895	0.143898	
17.056	1.52509e+09	3.14159	2.92509	0.134348	
17.0729	1.52509e+09	3.14159	2.66713	0.155042	
17.1301	1.52509e+09	3.14159	1.78024	0.137914	
17.2791	1.52509e+09	3.14159	1.74291	0.198275	
17.3373	1.52509e+09	3.14159	3.22873	0.147071	
17.353	1.52509e+09	3.14159	4.01457	0.115072	
17.3619	1.52509e+09	3.14159	3.71739	0.150962	
17.4911	1.52509e+09	3.14159	1.68833	0.138728	
17.5333	1.52509e+09	3.14159	3.01958	0.116948	
17.5389	1.52509e+09	3.14159	3.02711	0.219543	
17.9063	1.52509e+09	3.14159	1.7743	0.132845	
17.9415	1.52509e+09	3.14159	1.68871	0.139342	
17.9865	1.52509e+09	3.14159	1.69292	0.116113	
18.0756	1.52509e+09	3.14159	1.70647	0.153618	
18.1767	1.52509e+09	3.14159	2.68774	0.156456	
18.1965	1.52509e+09	3.14159	3.90601	0.133529	
18.202	1.52509e+09	3.14159	3.70897	0.116336	
18.3129	1.52509e+09	3.14159	2.28478	0.136941	
18.3385	1.52509e+09	3.14159	2.20229	0.153363	
18.3721	1.52509e+09	3.14159	1.84503	0.117172	
18.4577	1.52509e+09	3.14159	3.21927	0.142517	
18.4692	1.52509e+09	3.14159	3.91493	0.145636	
18.4942	1.52509e+09	3.14159	3.1879	0.147855	
18.5462	1.52509e+09	3.14159	2.84531	0.152066	
18.5667	1.52509e+09	3.14159	3.95599	0.149625	
18.5745	1.52509e+09	3.14159	3.72077	0.14458	
18.7123	1.52509e+09	3.14159	2.16924	0.136356	
18.737	1.52509e+09	3.14159	2.14562	0.137948	
18.8136	1.52509e+09	3.14159	1.82139	0.154828	
18.9307	1.52509e+09	3.14159	2.04253	0.145935	
18.9556	1.52509e+09	3.14159	2.07909	0.130395	
18.9935	1.52509e+09	3.14159	1.78389	0.164304	
19.0987	1.52509e+09	3.14159	4.96316	0.179624	
19.1026	1.52509e+09	3.14159	5.4024	0.180882	
19.1151	1.52509e+09	3.14159	5.38215	0.11904	
19.1611	1.52509e+09	3.14159	3.72379	0.139554	
19.2183	1.52509e+09	3.14159	1.95186	0.120079	
19.2995	1.52509e+09	3.14159	1.89832	0.148983	
19.327	1.52509e+09	3.14159	1.93261	0.140718	
19.37	1.52509e+09	3.14159	1.81851	0.139688	
19.4496	1.52509e+09	3.14159	1.84384	0.137393	
19.4955	1.52509e+09	3.14159	4.77736	0.148176	
19.4981	1.52509e+09	3.14159	4.9294	0.145309	
19.5098	1.52509e+09	3.14159	4.7071	0.134347	
19.596	1.52509e+09	3.14159	1.82501	0.146211	
19.7707	1.52509e+09	3.14159	3.49213	0.150964	
19.7844	1.52509e+09	3.14159	5.08891	0.134961	
19.803	1.52509e+09	3.14159	5.02616	0.137651	
19.8157	1.52509e+09	3.14159	4.52006	0.156191	
20.0374	1.52509e+09	3.14159	1.77395	0.223301	
20.1452	1.52509e+09	3.14159	2.47347	0.119448	
20.1646	1.52509e+09	3.14159	2.49871	0.11623	
20.2895	1.52509e+09	3.14159	2.8346	0.14175	
20.3027	1.52509e+09	3.14159	2.85196	0.151418	
20.3755	1.52509e+09	3.14159	2.97714	0.136364	
20.3955	1.52509e+09	3.14159	4.42611	0.130014	
20.3998	1.52509e+09	3.14159	4.41835	0.132768	
20.4537	1.52509e+09	3.14159	2.56702	0.150035	
20.5573	1.52509e+09	3.14159	1.80734	0.227041	
20.638	1.52509e+09	3.14159	2.42112	0.154777	
20.6587	1.52509e+09	3.14159	2.40908	0.150796	
20.7096	1.52509e+09	3.14159	2.55633	0.143708	
20.7267	1.52509e+09	3.14159	2.58172	0.135332	
20.8499	1.52509e+09	3.14159	1.74461	0.135507	
20.8905	1.52509e+09	3.14159	1.79245	0.147733	
20.9985	1.52509e+09	3.14159	4.89909	0.131573	
20.9999	1.52509e+09	3.14159	5.03361	0.136208	
21.0316	1.52509e+09	3.14159	4.9796	0.153173	
21.0443	1.52509e+09	3.14159	4.48669	0.119496	
21.2386	1.52509e+09	3.14159	1.85245	0.130782	
21.2841	1.52509e+09	3.14159	1.72415	0.146955	
21.3775	1.52509e+09	3.14159	1.75857	0.149578	
21.559	1.52509e+09	3.14159	1.79741	0.147783	
21.6746	1.52509e+09	3.14159	1.85313	0.13611	
21.8008	1.52509e+09	3.14159	1.78396	0.135199	
21.8578	1.52509e+09	3.14159	4.20965	0.150254	
21.8659	1.52509e+09	3.14159	4.70046	0.145987	
21.8749	1.52509e+09	3.14159	4.4472	0.116932	
21.9596	1.52509e+09	3.14159	1.7608	0.144344	
22.017	1.52509e+09	3.14159	1.78835	0.145823	
22.1563	1.52509e+09	3.14159	1.76509	0.217136	
22.2234	1.52509e+09	3.14159	3.18529	0.156471	
22.2311	1.52509e+09	3.14159	3.2862	0.160681	
22.2826	1.52509e+09	3.14159	1.92136	0.149965	
22.3192	1.52509e+09	3.14159	1.81861	0.147599	
22.3916	1.52509e+09	3.14159	3.8676	0.167936	
22.3958	1.52509e+09	3.14159	4.23002	0.150913	
22.4317	1.52509e+09	3.14159	4.71438	0.146086	
22.4654	1.52509e+09	3.14159	4.25197	0.148976	
22.4795	1.52509e+09	3.14159	3.82926	0.12018	
22.5453	1.52509e+09	3.14159	1.81123	0.119939	
22.6128	1.52509e+09	3.14159	2.74357	0.13166	
22.6266	1.52509e+09	3.14159	2.73567	0.179611	
22.7055	1.52509e+09	3.14159	2.68871	0.181515	
22.7228	1.52509e+09	3.14159	2.67464	0.148534	
22.8339	1.52509e+09	3.14159	3.95284	0.134762	
22.8361	1.52509e+09	3.14159	4.2351	0.139818	
22.8755	1.52509e+09	3.14159	4.61728	0.156091	
22.8977	1.52509e+09	3.14159	4.14953	0.133286	
22.933	1.52509e+09	3.14159	3.00217	0.099314	
23.0741	1.52509e+09	3.14159	1.74955	0.145583	
23.1214	1.52509e+09	3.14159	1.80727	0.146927	
23.1817	1.52509e+09	3.14159	1.82164	0.152579	
23.2756	1.52509e+09	3.14159	2.65274	0.149412	
23.2913	1.52509e+09	3.14159	2.64444	0.149707	
23.3404	1.52509e+09	3.14159	2.80989	0.146433	
23.3567	1.52509e+09	3.14159	6.69955	0.139148	
23.3782	1.52509e+09	3.14159	9.59562	0.132328	
23.3833	1.52509e+09	3.14159	10.0078	0.153655	
23.3925	1.52509e+09	3.14159	10.2123	0.159328	
23.4001	1.52509e+09	3.14159	10.2596	0.109048	
23.4349	1.52509e+09	3.14159	9.40217	0.221656	
23.445	1.52509e+09	3.14159	9.0438	0.157555	
23.5006	1.52509e+09	3.14159	6.22114	0.151027	
23.6317	1.52509e+09	3.14159	1.71641	0.156697	
23.7673	1.52509e+09	3.14159	1.90438	0.148931	
23.7942	1.52509e+09	3.14159	1.93062	0.132699	
23.904	1.52509e+09	3.14159	3.94874	0.188914	
23.9196	1.52509e+09	3.14159	6.3495	0.152814	
23.9218	1.52509e+09	3.14159	6.39207	0.154297	
23.9286	1.52509e+09	3.14159	6.25165	0.123522	
23.9884	1.52509e+09	3.14159	3.65454	0.140727	
24.0578	1.52509e+09	3.14159	3.05328	0.147318	
24.0652	1.52509e+09	3.14159	3.03886	0.145721	
24.1759	1.52509e+09	3.14159	1.71498	0.147034	
24.2118	1.52509e+09	3.14159	1.77297	0.145186	
24.2851	1.52509e+09	3.14159	4.25467	0.14828	
24.2969	1.52509e+09	3.14159	6.3316	0.14769	
24.3098	1.52509e+09	3.14159	7.11009	0.141071	
24.3243	1.52509e+09	3.14159	7.10361	0.167567	
24.3288	1.52509e+09	3.14159	6.97441	0.159612	
24.3969	1.52509e+09	3.14159	4.38194	0.153156	
24.4523	1.52509e+09	3.14159	4.97151	0.116217	
24.4685	1.52509e+09	3.14159	5.96365	0.133212	
24.4915	1.52509e+09	3.14159	6.59167	0.172938	
24.4921	1.52509e+09	3.14159	6.5598	0.221826	
24.4986	1.52509e+09	3.14159	6.2855	0.234835	
24.6473	1.52509e+09	3.14159	1.76833	0.110787	
24.7467	1.52509e+09	3.14159	2.57735	0.135703	
24.7607	1.52509e+09	3.14159	2.61045	0.144649	
24.8448	1.52509e+09	3.14159	1.71422	0.146875	
24.8806	1.52509e+09	3.14159	1.74241	0.144717	
24.9251	1.52509e+09	3.14159	1.73061	0.120477	
24.9562	1.52509e+09	3.14159	2.01344	0.148994	
24.9806	1.52509e+09	3.14159	3.50002	0.154088	
24.9881	1.52509e+09	3.14159	3.26335	0.146482	
25.0449	1.52509e+09	3.14159	1.72372	0.1614	
25.0896	1.52509e+09	3.14159	1.76042	0.146729	
25.159	1.52509e+09	3.14159	2.95745	0.155054	
25.1672	1.52509e+09	3.14159	2.95008	0.153413	
25.2172	1.52509e+09	3.14159	1.71213	0.14796	
25.2456	1.52509e+09	3.14159	1.74521	0.150922	
25.307	1.52509e+09	3.14159	1.76626	0.149891	
25.4453	1.52509e+09	3.14159	1.70038	0.126678	
25.6393	1.52509e+09	3.14159	3.6479	0.164386	
25.6407	1.52509e+09	3.14159	3.68365	0.156667	
25.6951	1.52509e+09	3.14159	2.01221	0.156225	
25.8214	1.52509e+09	3.14159	1.72839	0.138713	
25.8565	1.52509e+09	3.14159	1.79341	0.139767	
25.8911	1.52509e+09	3.14159	2.16778	0.152825	
25.9128	1.52509e+09	3.14159	2.17068	0.150927	
26.0407	1.52509e+09	3.14159	1.75519	0.147955	
26.2699	1.52509e+09	3.14159	1.7014	0.152682	
26.484	1.52509e+09	3.14159	5.25992	0.179199	
26.4863	1.52509e+09	3.14159	5.5877	0.148757	
26.5179	1.52509e+09	3.14159	7.69853	0.160305	
26.5201	1.52509e+09	3.14159	7.69134	0.121446	
26.5303	1.52509e+09	3.14159	7.38778	0.159708	
26.5596	1.52509e+09	3.14159	6.02903	0.116881	
26.7136	1.52509e+09	3.14159	2.06468	0.150814	
26.736	1.52509e+09	3.14159	2.0549	0.146576	
26.7779	1.52509e+09	3.14159	3.12298	0.152706	
26.7925	1.52509e+09	3.14159	4.10074	0.147043	
26.8028	1.52509e+09	3.14159	4.22315	0.163787	
26.8551	1.52509e+09	3.14159	2.28901	0.15474	
26.907	1.52509e+09	3.14159	1.69955	0.150531	
26.9653	1.52509e+09	3.14159	3.15883	0.140879	
26.969	1.52509e+09	3.14159	3.23189	0.175945	
27.0203	1.52509e+09	3.14159	1.76138	0.140762	
27.0656	1.52509e+09	3.14159	3.05952	0.130069	
27.071	1.52509e+09	3.14159	3.04985	0.148747	
27.1848	1.52509e+09	3.14159	2.11315	0.169418	
27.2067	1.52509e+09	3.14159	2.12605	0.158517	
27.2669	1.52509e+09	3.14159	1.70324	0.144843	
27.3256	1.52509e+09	3.14159	1.75782	0.123295	
27.4	1.52509e+09	3.14159	1.76817	0.129967	
27.4415	1.52509e+09	3.14159	1.73347	0.159657	
27.4914	1.52509e+09	3.14159	1.7992	0.155996	
27.5264	1.52509e+09	3.14159	1.83569	0.117509	
27.5588	1.52509e+09	3.14159	2.49277	0.140194	
27.5762	1.52509e+09	3.14159	2.46897	0.157981	
27.6798	1.52509e+09	3.14159	4.13737	0.11441	
27.6901	1.52509e+09	3.14159	5.92788	0.149955	
27.7018	1.52509e+09	3.14159	6.54363	0.147893	
27.7292	1.52509e+09	3.14159	6.89981	0.148116	
27.7462	1.52509e+09	3.14159	6.68104	0.149641	
27.7901	1.52509e+09	3.14159	5.34643	0.152759	
27.8163	1.52509e+09	3.14159	4.18673	0.157157	
27.9149	1.52509e+09	3.14159	3.082	0.150635	
27.9256	1.52509e+09	3.14159	4.38367	0.15243	
27.9534	1.52509e+09	3.14159	5.71167	0.147921	
27.9616	1.52509e+09	3.14159	5.72457	0.150039	
27.9983	1.52509e+09	3.14159	4.94452	0.14821	
28.0171	1.52509e+09	3.14159	4.18741	0.13445	
28.1523	1.52509e+09	3.14159	1.71422	0.147875	
28.1877	1.52509e+09	3.14159	2.70136	0.15485	
28.2077	1.52509e+09	3.14159	3.91594	0.170659	
28.2119	1.52509e+09	3.14159	3.80319	0.146248	
28.3667	1.52509e+09	3.14159	1.73759	0.167553	
28.4206	1.52509e+09	3.14159	1.75919	0.129937	
28.4531	1.52509e+09	3.14159	1.67984	0.150215	
28.5644	1.52509e+09	3.14159	1.69723	0.150848	
28.6089	1.52509e+09	3.14159	1.71864	0.145451	
28.6477	1.52509e+09	3.14159	1.6931	0.142711	
28.7065	1.52509e+09	3.14159	2.43259	0.132296	
28.7246	1.52509e+09	3.14159	2.63026	0.131845	
28.7597	1.52509e+09	3.14159	1.95187	0.1525	
28.8082	1.52509e+09	3.14159	1.71658	0.15352	
28.8516	1.52509e+09	3.14159	3.53425	0.124871	
28.8574	1.52509e+09	3.14159	3.86232	0.11816	
28.889	1.52509e+09	3.14159	2.88856	0.153858	
28.9947	1.52509e+09	3.14159	1.69829	0.147791	
29.0785	1.52509e+09	3.14159	1.73725	0.148872	
29.1349	1.52509e+09	3.14159	3.70106	0.160289	
29.1525	1.52509e+09	3.14159	7.12897	0.145215	
29.1556	1.52509e+09	3.14159	7.25775	0.124553	
29.157	1.52509e+09	3.14159	7.44764	0.169925	
29.2028	1.52509e+09	3.14159	5.99064	0.125239	
29.2308	1.52509e+09	3.14159	4.72375	0.146725	
29.3567	1.52509e+09	3.14159	1.74237	0.16778	
29.4096	1.52509e+09	3.14159	1.71393	0.153171	
29.4603	1.52509e+09	3.14159	1.70186	0.214292	
29.5081	1.52509e+09	3.14159	3.9398	0.135785	
29.511	1.52509e+09	3.14159	4.30061	0.152399	
29.5488	1.52509e+09	3.14159	4.29727	0.155736	
29.5527	1.52509e+09	3.14159	4.13814	0.158688	
29.6297	1.52509e+09	3.14159	1.71704	0.116022	
29.7087	1.52509e+09	3.14159	2.8477	0.11263	
29.7199	1.52509e+09	3.14159	2.82806	0.127264	
29.7957	1.52509e+09	3.14159	1.70007	0.101959	
29.8265	1.52509e+09	3.14159	1.70544	0.146645	
29.9016	1.52509e+09	3.14159	2.11155	0.146986	
29.9237	1.52509e+09	3.14159	2.12817	0.148396	
30.0202	1.52509e+09	3.14159	1.73779	0.187375	
30.1744	1.52509e+09	3.14159	2.09359	0.147926	
30.201	1.52509e+09	3.14159	3.69978	0.099493	
30.204	1.52509e+09	3.14159	3.60884	0.103334	
30.2755	1.52509e+09	3.14159	1.75576	0.13136	
30.4506	1.52509e+09	3.14159	1.68781	0.152264	
30.517	1.52509e+09	3.14159	2.81733	0.185051	
30.5296	1.52509e+09	3.14159	3.82028	0.208251	
30.5566	1.52509e+09	3.14159	3.81161	0.151844	
30.5815	1.52509e+09	3.14159	3.00002	0.122492	
30.6673	1.52509e+09	3.14159	3.27089	0.149953	
30.684	1.52509e+09	3.14159	5.16538	0.10054	
30.6849	1.52509e+09	3.14159	5.16613	0.173875	
30.7198	1.52509e+09	3.14159	3.78183	0.131573	
30.7913	1.52509e+09	3.14159	2.78118	0.156124	
30.8044	1.52509e+09	3.14159	4.04736	0.149361	
30.832	1.52509e+09	3.14159	4.03564	0.164078	
30.8481	1.52509e+09	3.14159	3.5135	0.124597	
31.0853	1.52509e+09	3.14159	1.70919	0.144899	
31.2208	1.52509e+09	3.14159	5.43439	0.144883	
31.2327	1.52509e+09	3.14159	10.4169	0.151983	
31.2403	1.52509e+09	3.14159	11.7036	0.112644	
31.2409	1.52509e+09	3.14159	11.7706	0.116799	
31.2417	1.52509e+09	3.14159	11.8237	0.159738	
31.2732	1.52509e+09	3.14159	12.2718	0.155209	
31.3164	1.52509e+09	3.14159	11.8553	0.116186	
31.3302	1.52509e+09	3.14159	11.7198	0.174625	
31.334	1.52509e+09	3.14159	11.6117	0.116457	
31.357	1.52509e+09	3.14159	10.7396	0.141594	
31.4118	1.52509e+09	3.14159	8.16689	0.166485	
31.5112	1.52509e+09	3.14159	3.20485	0.150928	
31.6278	1.52509e+09	3.14159	1.71754	0.148561	
31.6759	1.52509e+09	3.14159	1.77203	0.132114	
31.8044	1.52509e+09	3.14159	3.2879	0.177001	
31.8061	1.52509e+09	3.14159	3.2878	0.207136	
31.8687	1.52509e+09	3.14159	1.69721	0.143858	
31.9145	1.52509e+09	3.14159	1.70871	0.227469	
31.9682	1.52509e+09	3.14159	1.71372	0.135365	
32.0519	1.52509e+09	3.14159	1.70904	0.151049	
32.1264	1.52509e+09	3.14159	1.83787	0.0983071	
32.1522	1.52509e+09	3.14159	1.85142	0.125803	
32.339	1.52509e+09	3.14159	3.55423	0.119745	
32.3413	1.52509e+09	3.14159	3.73074	0.151757	
32.3886	1.52509e+09	3.14159	2.47459	0.152916	
32.4234	1.52509e+09	3.14159	1.94989	0.148559	
32.4701	1.52509e+09	3.14159	1.7965	0.156012	
32.5264	1.52509e+09	3.14159	1.72587	0.152137	
32.6347	1.52509e+09	3.14159	5.17156	0.138818	
32.6389	1.52509e+09	3.14159	5.68366	0.149967	
32.6445	1.52509e+09	3.14159	5.69317	0.125149	
32.6793	1.52509e+09	3.14159	4.29372	0.15987	
32.8006	1.52509e+09	3.14159	2.72581	0.138067	
32.8214	1.52509e+09	3.14159	4.00117	0.155318	
32.8249	1.52509e+09	3.14159	3.89649	0.132191	
32.9387	1.52509e+09	3.14159	1.72282	0.143385	
32.9695	1.52509e+09	3.14159	1.73522	0.137746	
33.0225	1.52509e+09	3.14159	1.71752	0.173936	
33.0737	1.52509e+09	3.14159	1.73906	0.16504	
33.102	1.52509e+09	3.14159	1.74197	0.162568	
33.2049	1.52509e+09	3.14159	1.73609	0.149708	
33.419	1.52509e+09	3.14159	1.77859	0.145743	
33.4847	1.52509e+09	3.14159	3.10534	0.148919	
33.4977	1.52509e+09	3.14159	4.64462	0.148365	
33.521	1.52509e+09	3.14159	5.86757	0.152882	
33.5484	1.52509e+09	3.14159	7.53982	0.138992	
33.5495	1.52509e+09	3.14159	7.79973	0.160354	
33.5855	1.52509e+09	3.14159	9.56768	0.153253	
33.6147	1.52509e+09	3.14159	10.9844	0.145675	
33.6259	1.52509e+09	3.14159	11.2076	0.178514	
33.6679	1.52509e+09	3.14159	11.9116	0.143053	
33.6735	1.52509e+09	3.14159	11.9198	0.163612	
33.6817	1.52509e+09	3.14159	11.9517	0.160796	
33.6961	1.52509e+09	3.14159	11.9756	0.125805	
33.7361	1.52509e+09	3.14159	11.7716	0.131376	
33.8145	1.52509e+09	3.14159	10.7797	0.150748	
33.838	1.52509e+09	3.14159	11.0538	0.154673	
33.8735	1.52509e+09	3.14159	10.9321	0.437207	
33.8783	1.52509e+09	3.14159	10.7626	0.25236	
33.8884	1.52509e+09	3.14159	10.9237	0.145061	
33.9608	1.52509e+09	3.14159	8.64179	0.0995603	
33.9839	1.52509e+09	3.14159	7.85613	0.159462	
33.9873	1.52509e+09	3.14159	7.71428	0.142429	
34.1059	1.52509e+09	3.14159	2.20059	0.132939	
34.221	1.52509e+09	3.14159	4.61594	0.123516	
34.2256	1.52509e+09	3.14159	5.51513	0.150761	
34.2554	1.52509e+09	3.14159	6.40149	0.141047	
34.2641	1.52509e+09	3.14159	6.53577	0.153216	
34.281	1.52509e+09	3.14159	6.62363	0.179472	
34.3595	1.52509e+09	3.14159	8.14945	0.158123	
34.3679	1.52509e+09	3.14159	8.63564	0.121183	
34.3686	1.52509e+09	3.14159	8.64379	0.15329	
34.3842	1.52509e+09	3.14159	8.82776	0.146255	
34.4576	1.52509e+09	3.14159	9.21293	0.126329	
34.4632	1.52509e+09	3.14159	9.15963	0.156082	
34.4794	1.52509e+09	3.14159	8.65533	0.161176	
34.484	1.52509e+09	3.14159	8.55178	0.120868	
34.5741	1.52509e+09	3.14159	4.92657	0.138659	
34.6314	1.52509e+09	3.14159	4.76369	0.141607	
34.6562	1.52509e+09	3.14159	5.55478	0.154958	
34.6669	1.52509e+09	3.14159	5.62042	0.156729	
34.6852	1.52509e+09	3.14159	5.39563	0.144632	
34.7562	1.52509e+09	3.14159	3.8024	0.140951	
34.7698	1.52509e+09	3.14159	3.36955	0.102607	
34.8606	1.52509e+09	3.14159	1.79959	0.125031	
34.8958	1.52509e+09	3.14159	1.92797	0.116438	
34.9396	1.52509e+09	3.14159	1.74791	0.107048	
35.0837	1.52509e+09	3.14159	3.18969	0.150878	
35.0915	1.52509e+09	3.14159	3.28817	0.136324	
35.1434	1.52509e+09	3.14159	2.0477	0.120311	
35.1728	1.52509e+09	3.14159	1.93617	0.145543	
35.2559	1.52509e+09	3.14159	1.76488	0.11084	
35.4918	1.52509e+09	3.14159	2.4053	0.146487	
35.5127	1.52509e+09	3.14159	2.38187	0.111848	
35.7065	1.52509e+09	3.14159	1.81961	0.133554	
35.7715	1.52509e+09	3.14159	1.7935	0.148589	
35.8341	1.52509e+09	3.14159	3.48176	0.139049	
35.8369	1.52509e+09	3.14159	3.47103	0.13825	
36.0005	1.52509e+09	3.14159	3.05958	0.144248	
36.0089	1.52509e+09	3.14159	3.04442	0.165121	
36.0723	1.52509e+09	3.14159	1.83299	0.141496	
36.1361	1.52509e+09	3.14159	1.84171	0.15016	
36.2714	1.52509e+09	3.14159	2.35938	0.146832	
36.2907	1.52509e+09	3.14159	2.35476	0.150865	
36.3434	1.52509e+09	3.14159	2.37646	0.116848	
36.3631	1.52509e+09	3.14159	3.10357	0.118869	
36.3905	1.52509e+09	3.14159	2.55243	0.136833	
36.4565	1.52509e+09	3.14159	1.8386	0.120914	
36.5111	1.52509e+09	3.14159	2.14168	0.196284	
36.5373	1.52509e+09	3.14159	2.13633	0.119578	
36.5817	1.52509e+09	3.14159	1.83365	0.117522	
36.6352	1.52509e+09	3.14159	3.57916	0.132729	
36.6363	1.52509e+09	3.14159	3.58038	0.158065	
36.7316	1.52509e+09	3.14159	1.83837	0.130749	
36.8468	1.52509e+09	3.14159	1.81952	0.148335	
36.8984	1.52509e+09	3.14159	1.83029	0.15773	
36.964	1.52509e+09	3.14159	3.11513	0.130295	
36.9731	1.52509e+09	3.14159	3.56645	0.152987	
37.0209	1.52509e+09	3.14159	4.32559	0.147098	
37.0231	1.52509e+09	3.14159	4.32052	0.1606	
37.0689	1.52509e+09	3.14159	2.90335	0.159129	
37.1289	1.52509e+09	3.14159	1.83081	0.160429	
37.2019	1.52509e+09	3.14159	1.80035	0.148787	
37.2566	1.52509e+09	3.14159	1.78718	0.157521	
37.3775	1.52509e+09	3.14159	2.85012	0.1339	
37.39	1.52509e+09	3.14159	2.84013	0.15493	
37.5513	1.52509e+09	3.14159	1.77935	0.152104	
37.5853	1.52509e+09	3.14159	1.77998	0.120479	
37.6328	1.52509e+09	3.14159	3.45706	0.139293	
37.6407	1.52509e+09	3.14159	3.98302	0.156228	
37.6733	1.52509e+09	3.14159	3.03314	0.138186	
37.7301	1.52509e+09	3.14159	2.18968	0.158767	
37.7545	1.52509e+09	3.14159	2.17862	0.143191	
37.9035	1.52509e+09	3.14159	7.11757	0.174673	
37.9106	1.52509e+09	3.14159	8.70892	0.13859	
37.9146	1.52509e+09	3.14159	9.00172	0.192121	
37.9186	1.52509e+09	3.14159	8.95978	0.107258	
37.9479	1.52509e+09	3.14159	8.08242	0.133725	
37.9671	1.52509e+09	3.14159	7.14928	0.149206	
38.1533	1.52509e+09	3.14159	1.80149	0.125136	
38.2258	1.52509e+09	3.14159	1.80494	0.163787	
38.2713	1.52509e+09	3.14159	2.12054	0.129761	
38.2973	1.52509e+09	3.14159	2.10458	0.126004	
38.3587	1.52509e+09	3.14159	1.82916	0.149672	
38.3977	1.52509e+09	3.14159	1.83717	0.154793	
38.4601	1.52509e+09	3.14159	2.21396	0.172531	
38.4811	1.52509e+09	3.14159	2.20643	0.126234	
38.5832	1.52509e+09	3.14159	2.6261	0.147727	
38.5969	1.52509e+09	3.14159	2.61772	0.155316	
38.6414	1.52509e+09	3.14159	1.70754	0.1536	
38.6988	1.52509e+09	3.14159	1.73736	0.151585	
38.8052	1.52509e+09	3.14159	3.25264	0.11623	
38.808	1.52509e+09	3.14159	3.24512	0.155321	
38.882	1.52509e+09	3.14159	2.25791	0.141676	
38.9017	1.52509e+09	3.14159	2.27401	0.131369	
38.9589	1.52509e+09	3.14159	5.28389	0.1254	
38.9654	1.52509e+09	3.14159	7.0575	0.155529	
38.9767	1.52509e+09	3.14159	7.76766	0.134713	
38.983	1.52509e+09	3.14159	7.81965	0.154732	
39.0249	1.52509e+09	3.14159	6.88365	0.149842	
39.0301	1.52509e+09	3.14159	6.7236	0.165673	
39.1256	1.52509e+09	3.14159	4.15908	0.16671	
39.1326	1.52509e+09	3.14159	3.99202	0.15534	
39.185	1.52509e+09	3.14159	2.30125	0.129586	
39.2723	1.52509e+09	3.14159	1.7366	0.135434	
39.308	1.52509e+09	3.14159	3.43791	0.115334	
39.3086	1.52509e+09	3.14159	3.44812	0.145215	
39.3669	1.52509e+09	3.14159	3.3889	0.159318	
39.3814	1.52509e+09	3.14159	6.28908	0.121588	
39.4019	1.52509e+09	3.14159	8.40347	0.120311	
39.4135	1.52509e+09	3.14159	9.00261	0.155136	
39.4173	1.52509e+09	3.14159	9.03161	0.141279	
39.4526	1.52509e+09	3.14159	8.98766	0.105196	
39.48	1.52509e+09	3.14159	8.3648	0.143172	
39.5029	1.52509e+09	3.14159	7.83567	0.125416	
39.5383	1.52509e+09	3.14159	6.40459	0.135121	
39.616	1.52509e+09	3.14159	2.82383	0.145408	
39.8326	1.52509e+09	3.14159	1.79094	0.154002	
39.8911	1.52509e+09	3.14159	2.42943	0.170849	
39.9124	1.52509e+09	3.14159	5.24539	0.1385	
39.9229	1.52509e+09	3.14159	5.75964	0.13717	
39.9294	1.52509e+09	3.14159	5.75966	0.124154	
39.9893	1.52509e+09	3.14159	4.60177	0.116759	
39.9916	1.52509e+09	3.14159	4.49302	0.137289	
40.1041	1.52509e+09	3.14159	1.70907	0.143891	
40.1399	1.52509e+09	3.14159	1.88311	0.152227	
40.1657	1.52509e+09	3.14159	1.93739	0.160618	
40.2295	1.52509e+09	3.14159	3.0805	0.152115	
40.2371	1.52509e+09	3.14159	3.09138	0.168298	
40.3252	1.52509e+09	3.14159	4.14494	0.125549	
40.3291	1.52509e+09	3.14159	4.50994	0.134952	
40.3452	1.52509e+09	3.14159	3.94696	0.217274	
40.4314	1.52509e+09	3.14159	3.23408	0.13552	
40.4342	1.52509e+09	3.14159	3.24132	0.131285	
40.4885	1.52509e+09	3.14159	1.69506	0.12955	
40.5224	1.52509e+09	3.14159	3.6208	0.122097	
40.5325	1.52509e+09	3.14159	4.8698	0.142746	
40.5485	1.52509e+09	3.14159	5.80502	0.151703	
40.572	1.52509e+09	3.14159	6.28776	0.127283	
40.6173	1.52509e+09	3.14159	6.71878	0.161017	
40.6189	1.52509e+09	3.14159	6.63368	0.149883	
40.6292	1.52509e+09	3.14159	6.33028	0.162174	
40.7097	1.52509e+09	3.14159	2.76928	0.14107	
40.8409	1.52509e+09	3.14159	1.79102	0.26029	
40.8783	1.52509e+09	3.14159	1.70444	0.153981	
41.0134	1.52509e+09	3.14159	1.75753	0.140128	
41.0708	1.52509e+09	3.14159	3.37969	0.108628	
41.0713	1.52509e+09	3.14159	3.39596	0.160523	
41.128	1.52509e+09	3.14159	1.74145	0.142993	
41.2445	1.52509e+09	3.14159	1.72384	0.1536	
41.2849	1.52509e+09	3.14159	1.72192	0.152158	
41.3751	1.52509e+09	3.14159	3.17865	0.144094	
41.3819	1.52509e+09	3.14159	3.60277	0.170581	
41.4222	1.52509e+09	3.14159	4.07162	0.145765	
41.4468	1.52509e+09	3.14159	5.09379	0.130594	
41.4569	1.52509e+09	3.14159	5.08837	0.15252	
41.4849	1.52509e+09	3.14159	4.02515	0.134696	
41.7117	1.52509e+09	3.14159	2.25205	0.147149	
41.7356	1.52509e+09	3.14159	3.65105	0.138662	
41.7413	1.52509e+09	3.14159	3.48353	0.151813	
41.8091	1.52509e+09	3.14159	1.73773	0.152638	
41.9388	1.52509e+09	3.14159	1.72025	0.156256	
42.0473	1.52509e+09	3.14159	1.7284	0.219685	
42.0989	1.52509e+09	3.14159	5.07874	0.131602	
42.1067	1.52509e+09	3.14159	7.58448	0.13213	
42.1117	1.52509e+09	3.14159	7.43533	0.145458	
42.125	1.52509e+09	3.14159	7.45566	0.148565	
42.1669	1.52509e+09	3.14159	6.62765	0.185488	
42.1772	1.52509e+09	3.14159	6.52679	0.159045	
42.2594	1.52509e+09	3.14159	7.58273	0.149093	
42.2749	1.52509e+09	3.14159	8.63269	0.105293	
42.2767	1.52509e+09	3.14159	8.68377	0.158468	
42.2896	1.52509e+09	3.14159	8.98912	0.152173	
42.3248	1.52509e+09	3.14159	9.23628	0.153502	
42.3645	1.52509e+09	3.14159	8.70341	0.151987	
42.3918	1.52509e+09	3.14159	7.91967	0.136851	
42.3939	1.52509e+09	3.14159	7.85563	0.148263	
42.4485	1.52509e+09	3.14159	5.21599	0.123575	
42.5397	1.52509e+09	3.14159	3.1416	0.20709	
42.5458	1.52509e+09	3.14159	3.1423	0.148249	
42.6257	1.52509e+09	3.14159	3.06392	0.128909	
42.6321	1.52509e+09	3.14159	3.07263	0.126252	
42.7602	1.52509e+09	3.14159	1.72647	0.160519	
42.8213	1.52509e+09	3.14159	2.57507	0.132544	
42.842	1.52509e+09	3.14159	4.65031	0.117052	
42.8468	1.52509e+09	3.14159	4.64176	0.154636	
42.8772	1.52509e+09	3.14159	3.54357	0.155593	
42.9527	1.52509e+09	3.14159	1.72013	0.14196	
43.0114	1.52509e+09	3.14159	1.71477	0.170346	
43.0443	1.52509e+09	3.14159	1.72102	0.152087	
43.2071	1.52509e+09	3.14159	3.9852	0.147448	
43.2114	1.52509e+09	3.14159	4.24365	0.141279	
43.2315	1.52509e+09	3.14159	3.62641	0.206906	
43.3794	1.52509e+09	3.14159	1.69959	0.1585	
43.5403	1.52509e+09	3.14159	1.70407	0.157023	
43.6025	1.52509e+09	3.14159	1.70955	0.143534	
43.6371	1.52509e+09	3.14159	1.69215	0.122896	
43.6828	1.52509e+09	3.14159	5.84309	0.138634	
43.6859	1.52509e+09	3.14159	6.57679	0.155779	
43.6903	1.52509e+09	3.14159	6.8215	0.15034	
43.7241	1.52509e+09	3.14159	7.17569	0.232646	
43.748	1.52509e+09	3.14159	7.17564	0.135589	
43.7817	1.52509e+09	3.14159	6.8134	0.137414	
43.8278	1.52509e+09	3.14159	5.33028	0.124855	
43.8312	1.52509e+09	3.14159	5.17559	0.144392	
43.9166	1.52509e+09	3.14159	2.27583	0.153909	
43.9378	1.52509e+09	3.14159	2.23742	0.107217	
43.9817	1.52509e+09	3.14159	1.7021	0.173012	
44.0534	1.52509e+09	3.14159	1.71561	0.148491	
44.0917	1.52509e+09	3.14159	1.72246	0.136636	
44.1285	1.52509e+09	3.14159	1.71098	0.122084	
44.2119	1.52509e+09	3.14159	3.39697	0.151018	
44.2154	1.52509e+09	3.14159	3.61377	0.163477	
44.2583	1.52509e+09	3.14159	2.51048	0.209575	
44.2946	1.52509e+09	3.14159	3.33763	0.133279	
44.3058	1.52509e+09	3.14159	3.59967	0.156557	
44.3468	1.52509e+09	3.14159	3.18649	0.115221	
44.3727	1.52509e+09	3.14159	2.54412	0.149908	
44.429	1.52509e+09	3.14159	1.70851	0.147577	
44.464	1.52509e+09	3.14159	1.8407	0.152545	
44.4905	1.52509e+09	3.14159	1.83395	0.152286	
44.5593	1.52509e+09	3.14159	1.72354	0.125537	
44.5913	1.52509e+09	3.14159	2.71524	0.144973	
44.6041	1.52509e+09	3.14159	2.68917	0.128002	
44.6792	1.52509e+09	3.14159	2.21904	0.138615	
44.7025	1.52509e+09	3.14159	2.20657	0.134063	
44.7499	1.52509e+09	3.14159	2.1931	0.21161	
44.7721	1.52509e+09	3.14159	3.44301	0.130008	
44.786	1.52509e+09	3.14159	3.00546	0.188131	
44.8574	1.52509e+09	3.14159	4.55411	0.149181	
44.8616	1.52509e+09	3.14159	5.06123	0.153841	
44.866	1.52509e+09	3.14159	5.06359	0.153283	
44.9311	1.52509e+09	3.14159	2.49369	0.11825	
45.0991	1.52509e+09	3.14159	2.92138	0.207074	
45.1207	1.52509e+09	3.14159	7.56757	0.106059	
45.1215	1.52509e+09	3.14159	7.76364	0.13925	
45.1351	1.52509e+09	3.14159	7.92759	0.193548	
45.1513	1.52509e+09	3.14159	8.07393	0.158325	
45.1581	1.52509e+09	3.14159	8.10765	0.136625	
45.2434	1.52509e+09	3.14159	7.22762	0.124649	
45.2691	1.52509e+09	3.14159	6.8197	0.165157	
45.278	1.52509e+09	3.14159	6.57786	0.169733	
45.2922	1.52509e+09	3.14159	5.93041	0.153429	
45.4344	1.52509e+09	3.14159	1.70118	0.297064	
45.4732	1.52509e+09	3.14159	3.2517	0.153135	
45.4783	1.52509e+09	3.14159	3.84492	0.153582	
45.521	1.52509e+09	3.14159	3.86363	0.148884	
45.5289	1.52509e+09	3.14159	3.56905	0.122104	
45.5916	1.52509e+09	3.14159	1.72596	0.147141	
45.6977	1.52509e+09	3.14159	2.22744	0.122199	
45.7196	1.52509e+09	3.14159	2.19375	0.10584	
45.7815	1.52509e+09	3.14159	4.23658	0.123327	
45.7881	1.52509e+09	3.14159	5.51752	0.14385	
45.8043	1.52509e+09	3.14159	6.58925	0.154334	
45.825	1.52509e+09	3.14159	7.06367	0.14243	
45.856	1.52509e+09	3.14159	6.74776	0.149998	
45.8694	1.52509e+09	3.14159	6.3143	0.148969	
45.9062	1.52509e+09	3.14159	4.61973	0.156646	
45.9919	1.52509e+09	3.14159	2.37611	0.154734	
46.0159	1.52509e+09	3.14159	5.67207	0.110433	
46.0166	1.52509e+09	3.14159	5.6917	0.159885	
46.0318	1.52509e+09	3.14159	5.39648	0.149755	
46.0755	1.52509e+09	3.14159	3.68385	0.147465	
46.1442	1.52509e+09	3.14159	1.82032	0.109848	
46.2249	1.52509e+09	3.14159	1.73098	0.151139	
46.3116	1.52509e+09	3.14159	1.73633	0.173816	
46.3687	1.52509e+09	3.14159	2.69548	0.14171	
46.3817	1.52509e+09	3.14159	3.75524	0.139143	
46.4144	1.52509e+09	3.14159	3.88093	0.150608	
46.4295	1.52509e+09	3.14159	3.91794	0.106587	
46.4745	1.52509e+09	3.14159	3.60386	0.122334	
46.4898	1.52509e+09	3.14159	3.0389	0.224772	
46.6314	1.52509e+09	3.14159	1.77681	0.119325	
46.6819	1.52509e+09	3.14159	1.79789	0.140292	
46.7156	1.52509e+09	3.14159	1.72624	0.149873	
46.8876	1.52509e+09	3.14159	2.66601	0.134145	
46.9091	1.52509e+09	3.14159	4.75163	0.162897	
46.9113	1.52509e+09	3.14159	4.74203	0.136461	
46.9462	1.52509e+09	3.14159	3.47206	0.153011	
47.0216	1.52509e+09	3.14159	2.43304	0.153865	
47.0385	1.52509e+09	3.14159	2.42194	0.162963	
47.1277	1.52509e+09	3.14159	1.73731	0.150817	
47.2848	1.52509e+09	3.14159	1.7632	0.149955	
47.3125	1.52509e+09	3.14159	2.4874	0.148561	
47.3299	1.52509e+09	3.14159	2.83774	0.157634	
47.3639	1.52509e+09	3.14159	2.57377	0.144287	
47.3917	1.52509e+09	3.14159	3.1997	0.138056	
47.4115	1.52509e+09	3.14159	2.7201	0.137111	
47.4695	1.52509e+09	3.14159	2.60509	0.143003	
47.4845	1.52509e+09	3.14159	2.57996	0.138099	
47.5378	1.52509e+09	3.14159	1.72119	0.150916	
47.796	1.52509e+09	3.14159	2.0555	0.136962	
47.8214	1.52509e+09	3.14159	5.91957	0.136244	
47.8252	1.52509e+09	3.14159	6.02369	0.158265	
47.8315	1.52509e+09	3.14159	5.92732	0.135504	
47.8592	1.52509e+09	3.14159	4.82504	0.141547	
47.9577	1.52509e+09	3.14159	1.71509	0.148004	
48.0034	1.52509e+09	3.14159	2.86335	0.122004	
48.0138	1.52509e+09	3.14159	2.89077	0.13463	
48.3329	1.52509e+09	3.14159	1.72061	0.152492	
48.4131	1.52509e+09	3.14159	1.78188	0.149293	
48.5041	1.52509e+09	3.14159	1.7816	0.142562	
48.6126	1.52509e+09	3.14159	1.78597	0.145202	
48.8909	1.52509e+09	3.14159	1.76542	0.121701	
48.9223	1.52509e+09	3.14159	1.77556	0.140599	
49.013	1.52509e+09	3.14159	1.76612	0.174063	
49.0478	1.52509e+09	3.14159	1.78742	0.149755	
49.0964	1.52509e+09	3.14159	1.76419	0.134951	
49.2185	1.52509e+09	3.14159	5.97681	0.151088	
49.222	1.52509e+09	3.14159	6.54081	0.159723	
49.2374	1.52509e+09	3.14159	6.99106	0.152979	
49.2438	1.52509e+09	3.14159	6.87786	0.14904	
49.28	1.52509e+09	3.14159	5.22927	0.163801	
49.4155	1.52509e+09	3.14159	3.80304	0.152411	
49.4243	1.52509e+09	3.14159	4.32593	0.135093	
49.4444	1.52509e+09	3.14159	3.73573	0.12061	
49.5615	1.52509e+09	3.14159	2.11368	0.142854	
49.5849	1.52509e+09	3.14159	2.40054	0.152329	
49.6157	1.52509e+09	3.14159	2.0554	0.134065	
49.6717	1.52509e+09	3.14159	1.80722	0.152984	
49.7596	1.52509e+09	3.14159	1.76051	0.182671	
49.8155	1.52509e+09	3.14159	1.76984	0.1313	
49.8491	1.52509e+09	3.14159	1.76949	0.116633	
49.8827	1.52509e+09	3.14159	1.77157	0.145585	
49.9129	1.52509e+09	3.14159	3.30984	0.130028	
49.9271	1.52509e+09	3.14159	4.91388	0.121787	
49.9419	1.52509e+09	3.14159	4.62188	0.135474	
49.9869	1.52509e+09	3.14159	3.0122	0.128329	
50.0422	1.52509e+09	3.14159	2.84073	0.174663	
50.0561	1.52509e+09	3.14159	2.81686	0.147477	
50.2465	1.52509e+09	3.14159	1.79785	0.151343	
50.2911	1.52509e+09	3.14159	5.90795	0.117831	
50.2918	1.52509e+09	3.14159	6.12559	0.112428	
50.3155	1.52509e+09	3.14159	8.53963	0.203203	
50.3349	1.52509e+09	3.14159	9.25562	0.182994	
50.3469	1.52509e+09	3.14159	9.25561	0.14096	
50.3724	1.52509e+09	3.14159	8.90767	0.133498	
50.3978	1.52509e+09	3.14159	7.76067	0.15624	
50.4347	1.52509e+09	3.14159	5.96188	0.178024	
50.5467	1.52509e+09	3.14159	3.27517	0.173708	
50.5584	1.52509e+09	3.14159	3.93733	0.134251	
50.587	1.52509e+09	3.14159	3.06409	0.156534	
50.6401	1.52509e+09	3.14159	3.33165	0.104216	
50.6454	1.52509e+09	3.14159	3.3356	0.119284	
51.0726	1.52509e+09	3.14159	5.78961	0.119035	
51.0729	1.52509e+09	3.14159	5.8841	0.112642	
51.0957	1.52509e+09	3.14159	7.25265	0.15268	
51.1228	1.52509e+09	3.14159	7.1904	0.132836	
51.1283	1.52509e+09	3.14159	7.03037	0.113661	
51.1609	1.52509e+09	3.14159	5.43368	0.154607	
51.3195	1.52509e+09	3.14159	4.87091	0.157741	
51.3219	1.52509e+09	3.14159	5.07096	0.126884	
51.3553	1.52509e+09	3.14159	5.85903	0.141722	
51.3571	1.52509e+09	3.14159	5.82544	0.148284	
51.413	1.52509e+09	3.14159	3.45034	0.152709	
51.5251	1.52509e+09	3.14159	2.62359	0.147524	
51.5471	1.52509e+09	3.14159	5.49159	0.185795	
51.5515	1.52509e+09	3.14159	5.70511	0.134462	
51.5901	1.52509e+09	3.14159	6.9533	0.174717	
51.6018	1.52509e+09	3.14159	6.94142	0.150556	
51.6144	1.52509e+09	3.14159	6.55161	0.150934	
51.6625	1.52509e+09	3.14159	4.37223	0.139841	
51.7486	1.52509e+09	3.14159	1.82903	0.123163	
51.8579	1.52509e+09	3.14159	1.80223	0.148969	
51.8937	1.52509e+09	3.14159	1.82685	0.157381	
51.9465	1.52509e+09	3.14159	3.81859	0.111833	
51.9472	1.52509e+09	3.14159	3.87678	0.123724	
51.9979	1.52509e+09	3.14159	2.33669	0.127085	
52.0652	1.52509e+09	3.14159	2.68948	0.140703	
52.0866	1.52509e+09	3.14159	3.94363	0.175005	
52.0934	1.52509e+09	3.14159	3.72833	0.162043	
52.204	1.52509e+09	3.14159	2.13261	0.151963	
52.229	1.52509e+09	3.14159	2.1318	0.140756	
52.2962	1.52509e+09	3.14159	1.85144	0.141805	
52.3772	1.52509e+09	3.14159	1.872	0.157287	
52.4266	1.52509e+09	3.14159	3.35729	0.16567	
52.4314	1.52509e+09	3.14159	3.35412	0.101765	
52.5216	1.52509e+09	3.14159	1.82243	0.144785	
52.6903	1.52509e+09	3.14159	1.82496	0.138252	
52.7405	1.52509e+09	3.14159	1.81012	0.143074	
52.7761	1.52509e+09	3.14159	3.27846	0.141389	
52.7808	1.52509e+09	3.14159	3.32843	0.120451	
52.9162	1.52509e+09	3.14159	1.78211	0.133049	
52.9458	1.52509e+09	3.14159	1.7862	0.139966	
52.9805	1.52509e+09	3.14159	2.50997	0.138011	
52.9982	1.52509e+09	3.14159	2.54024	0.149789	
53.1165	1.52509e+09	3.14159	1.80065	0.140533	
53.2043	1.52509e+09	3.14159	3.14451	0.125168	
53.2122	1.52509e+09	3.14159	3.32935	0.145563	
53.2621	1.52509e+09	3.14159	1.95628	0.118056	
53.3476	1.52509e+09	3.14159	2.47236	0.135577	
53.3659	1.52509e+09	3.14159	2.42056	0.157338	
53.5493	1.52509e+09	3.14159	3.47141	0.164683	
53.5559	1.52509e+09	3.14159	3.84424	0.134237	
53.587	1.52509e+09	3.14159	2.91777	0.119646	
53.6728	1.52509e+09	3.14159	1.75741	0.134722	
53.716	1.52509e+09	3.14159	3.32252	0.146386	
53.7272	1.52509e+09	3.14159	4.53052	0.146739	
53.7456	1.52509e+09	3.14159	5.08568	0.139196	
53.7791	1.52509e+09	3.14159	5.33655	0.152624	
53.7975	1.52509e+09	3.14159	5.30776	0.144377	
53.8334	1.52509e+09	3.14159	4.89572	0.137941	
53.8578	1.52509e+09	3.14159	4.3983	0.132795	
53.8996	1.52509e+09	3.14159	2.79931	0.129985	
53.9575	1.52509e+09	3.14159	1.71672	0.15639	
54.0163	1.52509e+09	3.14159	1.69443	0.125617	
54.0685	1.52509e+09	3.14159	1.70439	0.147692	
54.1181	1.52509e+09	3.14159	1.70803	0.154062	
54.2017	1.52509e+09	3.14159	2.59716	0.146928	
54.2153	1.52509e+09	3.14159	3.16998	0.155756	
54.2499	1.52509e+09	3.14159	3.2241	0.146695	
54.2754	1.52509e+09	3.14159	2.63436	0.151772	
54.3435	1.52509e+09	3.14159	1.7924	0.1618	
54.3777	1.52509e+09	3.14159	1.74345	0.106633	
54.4317	1.52509e+09	3.14159	2.693	0.155207	
54.4437	1.52509e+09	3.14159	2.69005	0.149145	
54.4971	1.52509e+09	3.14159	1.69523	0.13583	
54.5618	1.52509e+09	3.14159	1.72925	0.172884	
54.5949	1.52509e+09	3.14159	2.22576	0.15291	
54.6155	1.52509e+09	3.14159	2.20487	0.135758	
54.6704	1.52509e+09	3.14159	1.74912	0.120982	
54.6998	1.52509e+09	3.14159	3.45718	0.135859	
54.7042	1.52509e+09	3.14159	3.33108	0.149837	
54.8236	1.52509e+09	3.14159	4.58943	0.150896	
54.8287	1.52509e+09	3.14159	4.88878	0.137878	
54.8311	1.52509e+09	3.14159	4.87161	0.141683	
54.9092	1.52509e+09	3.14159	1.84707	0.135164	
55.135	1.52509e+09	3.14159	1.75029	0.186889	
55.2491	1.52509e+09	3.14159	1.73854	0.15259	
55.283	1.52509e+09	3.14159	3.29133	0.161558	
55.2904	1.52509e+09	3.14159	3.68784	0.120442	
55.3264	1.52509e+09	3.14159	2.57977	0.1473	
55.3783	1.52509e+09	3.14159	1.70751	0.148577	
55.4182	1.52509e+09	3.14159	1.69293	0.110102	
55.5141	1.52509e+09	3.14159	2.7514	0.152867	
55.5256	1.52509e+09	3.14159	2.75337	0.150899	
55.811	1.52509e+09	3.14159	2.7054	0.147815	
55.8235	1.52509e+09	3.14159	2.7136	0.15463	
55.9897	1.52509e+09	3.14159	6.41709	0.12527	
55.9911	1.52509e+09	3.14159	6.61879	0.116783	
55.9977	1.52509e+09	3.14159	6.99014	0.148892	
56.0159	1.52509e+09	3.14159	7.0068	0.119217	
56.0443	1.52509e+09	3.14159	6.16681	0.161309	
56.1044	1.52509e+09	3.14159	3.34976	0.137159	
56.1718	1.52509e+09	3.14159	3.99066	0.121963	
56.1727	1.52509e+09	3.14159	4.19549	0.150401	
56.2174	1.52509e+09	3.14159	6.33948	0.144815	
56.2261	1.52509e+09	3.14159	6.36259	0.128713	
56.2303	1.52509e+09	3.14159	6.38764	0.159728	
56.2603	1.52509e+09	3.14159	5.48381	0.221929	
56.3351	1.52509e+09	3.14159	2.75399	0.134259	
56.3633	1.52509e+09	3.14159	2.21541	0.175277	
56.4514	1.52509e+09	3.14159	1.753	0.143138	
56.4839	1.52509e+09	3.14159	3.17468	0.12403	
56.4885	1.52509e+09	3.14159	3.17771	0.149025	
56.5879	1.52509e+09	3.14159	1.69125	0.113782	
56.6531	1.52509e+09	3.14159	1.68835	0.116683	
56.703	1.52509e+09	3.14159	1.74678	0.190398	
56.8139	1.52509e+09	3.14159	1.7089	0.143177	
56.941	1.52509e+09	3.14159	3.60508	0.128121	
56.9566	1.52509e+09	3.14159	7.38518	0.154299	
56.9705	1.52509e+09	3.14159	9.00912	0.11614	
56.9708	1.52509e+09	3.14159	9.02215	0.14216	
56.9721	1.52509e+09	3.14159	9.0392	0.132118	
57.017	1.52509e+09	3.14159	8.66366	0.147248	
57.056	1.52509e+09	3.14159	7.81563	0.156333	
57.0812	1.52509e+09	3.14159	6.74641	0.14234	
57.1263	1.52509e+09	3.14159	4.5197	0.160562	
57.2588	1.52509e+09	3.14159	3.47787	0.144202	
57.2648	1.52509e+09	3.14159	3.8313	0.148172	
57.2969	1.52509e+09	3.14159	2.88829	0.116089	
57.4015	1.52509e+09	3.14159	5.99441	0.11547	
57.4064	1.52509e+09	3.14159	6.65396	0.152695	
57.4085	1.52509e+09	3.14159	6.6463	0.163359	
57.409	1.52509e+09	3.14159	6.61075	0.216929	
57.5271	1.52509e+09	3.14159	1.69104	0.151038	
57.7419	1.52509e+09	3.14159	1.73408	0.137023	
57.7791	1.52509e+09	3.14159	1.73594	0.148183	
57.8605	1.52509e+09	3.14159	3.07551	0.155124	
57.866	1.52509e+09	3.14159	3.06432	0.149296	
57.9496	1.52509e+09	3.14159	1.7046	0.157497	
58.0007	1.52509e+09	3.14159	1.69017	0.144891	
58.1082	1.52509e+09	3.14159	1.69855	0.163542	
58.162	1.52509e+09	3.14159	1.7787	0.157476	
58.2333	1.52509e+09	3.14159	7.01298	0.166091	
58.2361	1.52509e+09	3.14159	7.61988	0.149863	
58.2472	1.52509e+09	3.14159	8.27421	0.118227	
58.2558	1.52509e+09	3.14159	8.34294	0.117572	
58.2565	1.52509e+09	3.14159	8.38218	0.149414	
58.3103	1.52509e+09	3.14159	6.99895	0.114051	
58.3897	1.52509e+09	3.14159	4.21848	0.110391	
58.3978	1.52509e+09	3.14159	3.87898	0.157565	
58.615	1.52509e+09	3.14159	3.20596	0.180854	
58.622	1.52509e+09	3.14159	3.57158	0.158618	
58.6616	1.52509e+09	3.14159	3.59477	0.122412	
58.6827	1.52509e+09	3.14159	2.93885	0.132609	
58.7549	1.52509e+09	3.14159	1.69617	0.151906	
58.8527	1.52509e+09	3.14159	1.71764	0.143456	
58.9178	1.52509e+09	3.14159	1.7195	0.117568	
58.9832	1.52509e+09	3.14159	1.78304	0.166152	
59.0489	1.52509e+09	3.14159	1.81287	0.152338	
59.0953	1.52509e+09	3.14159	1.81115	0.233147	
59.141	1.52509e+09	3.14159	3.33769	0.138215	
59.1478	1.52509e+09	3.14159	3.72471	0.132625	
59.188	1.52509e+09	3.14159	4.61851	0.137837	
59.2127	1.52509e+09	3.14159	5.34364	0.13352	
59.2243	1.52509e+09	3.14159	5.31366	0.148485	
59.2341	1.52509e+09	3.14159	4.90122	0.167487	
59.3279	1.52509e+09	3.14159	2.19651	0.158135	
59.3505	1.52509e+09	3.14159	2.214	0.155659	
59.4099	1.52509e+09	3.14159	1.77576	0.156409	
59.4472	1.52509e+09	3.14159	1.76163	0.149518	
59.4933	1.52509e+09	3.14159	1.76013	0.141005	
59.5721	1.52509e+09	3.14159	3.04702	0.133555	
59.5879	1.52509e+09	3.14159	4.8525	0.151126	
59.6016	1.52509e+09	3.14159	5.31403	0.205961	
59.6295	1.52509e+09	3.14159	4.94339	0.171091	
59.6552	1.52509e+09	3.14159	3.9196	0.195183	
59.7278	1.52509e+09	3.14159	1.81954	0.22201	
