idx timestamp pi t2 t1+t3
0	1.52407e+09	3.14159	1.8508	0.275099	
0.5	1.52407e+09	3.14159	1.85268	0.117416	
1	1.52407e+09	3.14159	1.85059	0.136955	
1.5	1.52407e+09	3.14159	1.84759	0.145339	
2	1.52407e+09	3.14159	1.85205	0.140163	
2.5	1.52407e+09	3.14159	1.82622	0.132699	
3	1.52407e+09	3.14159	1.83542	0.116581	
3.5	1.52407e+09	3.14159	1.825	0.13652	
4	1.52407e+09	3.14159	1.83033	0.134718	
4.5	1.52407e+09	3.14159	1.85962	0.165962	
5	1.52407e+09	3.14159	1.86658	0.139609	
5.5	1.52407e+09	3.14159	1.84658	0.10288	
6	1.52407e+09	3.14159	1.85113	0.143615	
6.5	1.52407e+09	3.14159	1.83953	0.135068	
7	1.52407e+09	3.14159	1.86247	0.191619	
7.5	1.52407e+09	3.14159	1.85148	0.13731	
8	1.52407e+09	3.14159	1.85177	0.126892	
8.5	1.52407e+09	3.14159	1.82276	0.0965841	
9	1.52407e+09	3.14159	1.84757	0.187018	
9.5	1.52407e+09	3.14159	1.81703	0.144954	
10	1.52407e+09	3.14159	1.85345	0.158843	
10.5	1.52407e+09	3.14159	1.84498	0.103762	
11	1.52407e+09	3.14159	1.85087	0.123835	
11.5	1.52407e+09	3.14159	1.82981	0.16143	
12	1.52407e+09	3.14159	1.85631	0.160963	
12.5	1.52407e+09	3.14159	1.85204	0.141204	
13	1.52407e+09	3.14159	1.85428	0.14497	
13.5	1.52407e+09	3.14159	1.8682	0.140059	
14	1.52407e+09	3.14159	1.8457	0.151549	
14.5	1.52407e+09	3.14159	1.83838	0.11082	
15	1.52407e+09	3.14159	1.84664	0.199668	
15.5	1.52407e+09	3.14159	1.85408	0.162188	
16	1.52407e+09	3.14159	1.85656	0.423009	
16.5	1.52407e+09	3.14159	1.84068	0.147561	
17	1.52407e+09	3.14159	1.84867	0.0955217	
17.5	1.52407e+09	3.14159	1.85163	0.141611	
18	1.52407e+09	3.14159	1.86744	0.171855	
18.5	1.52407e+09	3.14159	1.81935	0.134851	
19	1.52407e+09	3.14159	1.84487	0.136364	
19.5	1.52407e+09	3.14159	1.85098	0.137263	
20	1.52407e+09	3.14159	1.85199	0.135247	
20.5	1.52407e+09	3.14159	1.85698	0.127259	
21	1.52407e+09	3.14159	1.95547	0.115868	
21.5	1.52407e+09	3.14159	1.82766	0.140558	
22	1.52407e+09	3.14159	1.8516	0.148652	
22.5	1.52407e+09	3.14159	1.84209	0.125123	
23	1.52407e+09	3.14159	1.84464	0.139599	
23.5	1.52407e+09	3.14159	1.81599	0.104176	
24	1.52407e+09	3.14159	1.85473	0.13051	
24.5	1.52407e+09	3.14159	1.83559	0.133625	
25	1.52407e+09	3.14159	1.86052	0.139735	
25.5	1.52407e+09	3.14159	1.85432	0.137919	
26	1.52407e+09	3.14159	1.86945	0.141812	
26.5	1.52407e+09	3.14159	1.84308	0.15817	
27	1.52407e+09	3.14159	1.85083	0.125399	
27.5	1.52407e+09	3.14159	1.85746	0.110756	
28	1.52407e+09	3.14159	1.846	0.134225	
28.5	1.52407e+09	3.14159	1.84016	0.130063	
29	1.52407e+09	3.14159	1.85184	0.133393	
29.5	1.52407e+09	3.14159	1.84852	0.123698	
30	1.52407e+09	3.14159	1.85379	0.0984063	
30.5	1.52407e+09	3.14159	1.85695	0.141301	
31	1.52407e+09	3.14159	1.8477	0.140536	
31.5	1.52407e+09	3.14159	1.84874	0.125482	
32	1.52407e+09	3.14159	1.83751	0.118695	
32.5	1.52407e+09	3.14159	1.85828	0.145981	
33	1.52407e+09	3.14159	1.85464	0.192667	
33.5	1.52407e+09	3.14159	1.86276	0.183541	
34	1.52407e+09	3.14159	1.84641	0.103791	
34.5	1.52407e+09	3.14159	1.85923	0.125007	
35	1.52407e+09	3.14159	1.84483	0.14441	
35.5	1.52407e+09	3.14159	1.84932	0.148933	
36	1.52407e+09	3.14159	1.84811	0.13412	
36.5	1.52407e+09	3.14159	1.85047	0.129765	
37	1.52407e+09	3.14159	1.84315	0.13308	
37.5	1.52407e+09	3.14159	1.84619	0.127034	
38	1.52407e+09	3.14159	1.844	0.111202	
38.5	1.52407e+09	3.14159	1.84526	0.172012	
39	1.52407e+09	3.14159	1.85534	0.119883	
39.5	1.52407e+09	3.14159	1.87311	0.159178	
40	1.52407e+09	3.14159	1.8464	0.153857	
40.5	1.52407e+09	3.14159	1.84248	0.169789	
41	1.52407e+09	3.14159	1.83714	0.12607	
41.5	1.52407e+09	3.14159	1.84179	0.12743	
42	1.52407e+09	3.14159	1.85869	0.126544	
42.5	1.52407e+09	3.14159	1.8478	0.105401	
43	1.52407e+09	3.14159	1.8496	0.083576	
43.5	1.52407e+09	3.14159	1.85385	0.132392	
44	1.52407e+09	3.14159	1.83304	0.180227	
44.5	1.52407e+09	3.14159	1.84474	0.137495	
45	1.52407e+09	3.14159	1.82782	0.165423	
45.5	1.52407e+09	3.14159	1.84412	0.138112	
46	1.52407e+09	3.14159	1.83011	0.192166	
46.5	1.52407e+09	3.14159	1.8538	0.142447	
47	1.52407e+09	3.14159	1.84495	0.168314	
47.5	1.52407e+09	3.14159	1.87445	0.216908	
48	1.52407e+09	3.14159	1.82834	0.124858	
48.5	1.52407e+09	3.14159	1.84874	0.11447	
49	1.52407e+09	3.14159	1.84921	0.111999	
49.5	1.52407e+09	3.14159	1.85341	0.132823	
50	1.52407e+09	3.14159	1.85245	0.125775	
50.5	1.52407e+09	3.14159	1.84877	0.152488	
51	1.52407e+09	3.14159	1.87047	0.155813	
51.5	1.52407e+09	3.14159	1.85454	0.138701	
52	1.52407e+09	3.14159	1.8497	0.11186	
52.5	1.52407e+09	3.14159	1.86105	0.134862	
53	1.52407e+09	3.14159	1.84792	0.150362	
53.5	1.52407e+09	3.14159	1.84003	0.133215	
54	1.52407e+09	3.14159	1.84877	0.148907	
54.5	1.52407e+09	3.14159	1.85715	0.0955303	
55	1.52407e+09	3.14159	1.84546	0.853824	
55.5	1.52407e+09	3.14159	1.85222	0.139649	
56	1.52407e+09	3.14159	1.84589	0.139924	
56.5	1.52407e+09	3.14159	1.84179	0.127315	
57	1.52407e+09	3.14159	1.85245	0.089529	
57.5	1.52407e+09	3.14159	1.84587	0.138578	
58	1.52407e+09	3.14159	1.85234	0.130924	
58.5	1.52407e+09	3.14159	1.83989	0.131689	
59	1.52407e+09	3.14159	1.8299	0.143996	
59.5	1.52407e+09	3.14159	1.85996	0.125996	
