idx timestamp pi t2 t1+t3
0	1.52526e+09	3.14159	1.77382	0.248247	
0.0500105	1.52526e+09	3.14159	1.7882	0.134887	
0.100039	1.52526e+09	3.14159	1.69605	0.161556	
0.150057	1.52526e+09	3.14159	1.73498	0.151381	
0.200007	1.52526e+09	3.14159	1.68608	0.153837	
0.250028	1.52526e+09	3.14159	1.76207	0.166369	
0.301011	1.52526e+09	3.14159	1.74254	0.206697	
0.350215	1.52526e+09	3.14159	1.70109	0.152138	
0.400487	1.52526e+09	3.14159	1.70878	0.15369	
0.450232	1.52526e+09	3.14159	1.72387	0.156734	
0.500326	1.52526e+09	3.14159	1.68477	0.161618	
0.550319	1.52526e+09	3.14159	1.67876	0.141636	
0.600006	1.52526e+09	3.14159	1.71564	0.140456	
0.650006	1.52526e+09	3.14159	1.70463	0.148401	
0.700012	1.52526e+09	3.14159	1.70418	0.14912	
0.750925	1.52526e+09	3.14159	1.72779	0.162443	
0.800261	1.52526e+09	3.14159	1.70227	0.154985	
0.850011	1.52526e+09	3.14159	1.69469	0.154499	
0.900003	1.52526e+09	3.14159	1.7744	0.151024	
0.95	1.52526e+09	3.14159	1.75138	0.15219	
0.999996	1.52526e+09	3.14159	1.7878	0.153526	
1.05	1.52526e+09	3.14159	1.78849	0.149341	
1.09999	1.52526e+09	3.14159	1.76189	0.154512	
1.15	1.52526e+09	3.14159	1.69044	0.155416	
1.19999	1.52526e+09	3.14159	1.69001	0.154971	
1.25	1.52526e+09	3.14159	1.76732	0.148193	
1.3	1.52526e+09	3.14159	1.76899	0.145828	
1.34999	1.52526e+09	3.14159	1.79384	0.149259	
1.4	1.52526e+09	3.14159	1.6788	0.158687	
1.45	1.52526e+09	3.14159	1.76958	0.149473	
1.49999	1.52526e+09	3.14159	1.77544	0.153845	
1.55	1.52526e+09	3.14159	1.75312	0.146677	
1.6	1.52526e+09	3.14159	1.75886	0.160661	
1.65	1.52526e+09	3.14159	1.70529	0.156072	
1.70007	1.52526e+09	3.14159	1.75368	0.154472	
1.75	1.52526e+09	3.14159	1.74977	0.15852	
1.79999	1.52526e+09	3.14159	1.74349	0.147275	
1.84999	1.52526e+09	3.14159	1.82542	0.152326	
1.9	1.52526e+09	3.14159	1.78125	0.150995	
1.94999	1.52526e+09	3.14159	1.77061	0.149368	
2	1.52526e+09	3.14159	1.75397	0.15031	
2.05	1.52526e+09	3.14159	1.75313	0.151854	
2.1	1.52526e+09	3.14159	1.74461	0.150903	
2.15	1.52526e+09	3.14159	1.73801	0.149634	
2.19999	1.52526e+09	3.14159	1.76438	0.157433	
2.25015	1.52526e+09	3.14159	1.73468	0.146273	
2.29999	1.52526e+09	3.14159	1.74623	0.151837	
2.35	1.52526e+09	3.14159	1.82747	0.137246	
2.39999	1.52526e+09	3.14159	1.82233	0.183045	
2.45	1.52526e+09	3.14159	1.78744	0.182561	
2.5	1.52526e+09	3.14159	1.74675	0.151109	
2.55	1.52526e+09	3.14159	1.76393	0.151836	
2.6	1.52526e+09	3.14159	1.79645	0.151734	
2.65	1.52526e+09	3.14159	1.78388	0.15075	
2.7	1.52526e+09	3.14159	2.0193	0.151582	
2.75	1.52526e+09	3.14159	1.7723	0.151768	
2.8	1.52526e+09	3.14159	1.77616	0.165311	
2.85	1.52526e+09	3.14159	1.74292	0.152597	
2.89999	1.52526e+09	3.14159	1.74814	0.151586	
2.95	1.52526e+09	3.14159	1.79803	0.150599	
3	1.52526e+09	3.14159	1.8101	0.148128	
3.05	1.52526e+09	3.14159	1.78385	0.152529	
3.1	1.52526e+09	3.14159	1.78387	0.14379	
3.15	1.52526e+09	3.14159	1.81319	0.151462	
3.19999	1.52526e+09	3.14159	1.76173	0.147802	
3.24999	1.52526e+09	3.14159	1.7738	0.152843	
3.3	1.52526e+09	3.14159	1.79891	0.154612	
3.35	1.52526e+09	3.14159	1.78929	0.157087	
3.4	1.52526e+09	3.14159	1.78646	0.151692	
3.44999	1.52526e+09	3.14159	1.8042	0.137488	
3.49999	1.52526e+09	3.14159	1.74953	0.148768	
3.54999	1.52526e+09	3.14159	1.77345	0.153329	
3.6	1.52526e+09	3.14159	1.74758	0.155044	
3.65001	1.52526e+09	3.14159	1.73479	0.211169	
3.7	1.52526e+09	3.14159	1.72856	0.209713	
3.75	1.52526e+09	3.14159	1.68808	0.151073	
3.79999	1.52526e+09	3.14159	1.71161	0.150009	
3.85	1.52526e+09	3.14159	1.68447	0.155047	
3.9	1.52526e+09	3.14159	1.75074	0.144292	
3.95	1.52526e+09	3.14159	1.6859	0.158442	
3.99999	1.52526e+09	3.14159	1.69029	0.16006	
4.04999	1.52526e+09	3.14159	1.71163	0.149789	
4.09999	1.52526e+09	3.14159	1.73457	0.154476	
4.15	1.52526e+09	3.14159	1.70666	0.150282	
4.19999	1.52526e+09	3.14159	1.68947	0.151531	
4.25	1.52526e+09	3.14159	1.74346	0.155194	
4.29999	1.52526e+09	3.14159	1.79305	0.161051	
4.34999	1.52526e+09	3.14159	1.77463	0.148916	
4.39999	1.52526e+09	3.14159	1.73471	0.157918	
4.45	1.52526e+09	3.14159	1.72986	0.150268	
4.50001	1.52526e+09	3.14159	1.74068	0.14562	
4.55	1.52526e+09	3.14159	1.71966	0.148939	
4.6	1.52526e+09	3.14159	1.68384	0.145202	
4.65	1.52526e+09	3.14159	1.70072	0.148688	
4.69999	1.52526e+09	3.14159	1.69265	0.159974	
4.74999	1.52526e+09	3.14159	1.6857	0.152375	
4.8	1.52526e+09	3.14159	1.77803	0.155702	
4.85	1.52526e+09	3.14159	1.68933	0.16459	
4.9	1.52526e+09	3.14159	1.69643	0.151922	
4.95024	1.52526e+09	3.14159	1.76396	0.154657	
5	1.52526e+09	3.14159	1.69064	0.156215	
5.05	1.52526e+09	3.14159	1.7026	0.164864	
5.10007	1.52526e+09	3.14159	1.69456	0.161659	
5.14999	1.52526e+09	3.14159	1.70225	0.152344	
5.20003	1.52526e+09	3.14159	1.69776	0.157382	
5.24999	1.52526e+09	3.14159	1.69588	0.156111	
5.29999	1.52526e+09	3.14159	1.73924	0.157163	
5.35	1.52526e+09	3.14159	1.69763	0.156549	
5.39999	1.52526e+09	3.14159	1.68477	0.151737	
5.45013	1.52526e+09	3.14159	1.78331	0.148334	
5.5	1.52526e+09	3.14159	1.68796	0.157257	
5.55	1.52526e+09	3.14159	1.7374	0.145676	
5.59999	1.52526e+09	3.14159	1.70882	0.152056	
5.64999	1.52526e+09	3.14159	1.6929	0.152678	
5.69999	1.52526e+09	3.14159	1.70474	0.154196	
5.75	1.52526e+09	3.14159	1.69864	0.153384	
5.8	1.52526e+09	3.14159	1.72052	0.153069	
5.85001	1.52526e+09	3.14159	1.74026	0.156865	
5.89999	1.52526e+09	3.14159	1.70446	0.152057	
5.95	1.52526e+09	3.14159	1.68985	0.152101	
6	1.52526e+09	3.14159	1.68855	0.151128	
6.05	1.52526e+09	3.14159	1.74854	0.148862	
6.09999	1.52526e+09	3.14159	1.69201	0.151706	
6.14999	1.52526e+09	3.14159	1.69181	0.168987	
6.2	1.52526e+09	3.14159	1.68759	0.147783	
6.24999	1.52526e+09	3.14159	1.74016	0.152522	
6.30008	1.52526e+09	3.14159	1.70525	0.154702	
6.35	1.52526e+09	3.14159	1.68991	0.155736	
6.4	1.52526e+09	3.14159	1.71276	0.170574	
6.45	1.52526e+09	3.14159	1.77382	0.154168	
6.5	1.52526e+09	3.14159	1.71039	0.150031	
6.54999	1.52526e+09	3.14159	1.71396	0.153081	
6.6	1.52526e+09	3.14159	1.74129	0.157597	
6.64999	1.52526e+09	3.14159	1.72661	0.157769	
6.69999	1.52526e+09	3.14159	1.71511	0.149261	
6.75	1.52526e+09	3.14159	1.71439	0.153035	
6.79999	1.52526e+09	3.14159	1.71241	0.147925	
6.85002	1.52526e+09	3.14159	1.68457	0.152182	
6.9	1.52526e+09	3.14159	1.71539	0.153038	
6.94999	1.52526e+09	3.14159	1.68308	0.149614	
6.99999	1.52526e+09	3.14159	1.71968	0.148247	
7.05	1.52526e+09	3.14159	1.79202	0.150758	
7.1	1.52526e+09	3.14159	1.69382	0.148226	
7.15002	1.52526e+09	3.14159	1.76972	0.151173	
7.2	1.52526e+09	3.14159	1.72008	0.162693	
7.25	1.52526e+09	3.14159	1.68407	0.152735	
7.29999	1.52526e+09	3.14159	1.69716	0.185656	
7.34999	1.52526e+09	3.14159	1.76277	0.153118	
7.39999	1.52526e+09	3.14159	1.80436	0.159288	
7.45	1.52526e+09	3.14159	1.79373	0.157906	
7.49999	1.52526e+09	3.14159	1.70214	0.150824	
7.55	1.52526e+09	3.14159	1.71397	0.15403	
7.59999	1.52526e+09	3.14159	1.70211	0.151019	
7.64999	1.52526e+09	3.14159	1.74488	0.151747	
7.7	1.52526e+09	3.14159	1.74989	0.150831	
7.75	1.52526e+09	3.14159	1.71985	0.151004	
7.80001	1.52526e+09	3.14159	1.70277	0.156242	
7.85	1.52526e+09	3.14159	1.702	0.153727	
7.9	1.52526e+09	3.14159	1.6996	0.153279	
7.95	1.52526e+09	3.14159	1.78985	0.159181	
7.99999	1.52526e+09	3.14159	1.77742	0.154068	
8.05	1.52526e+09	3.14159	1.77401	0.148501	
8.1	1.52526e+09	3.14159	1.70526	0.150667	
8.15	1.52526e+09	3.14159	1.70366	0.148835	
8.20002	1.52526e+09	3.14159	1.76042	0.149349	
8.25	1.52526e+09	3.14159	1.68472	0.15322	
8.3	1.52526e+09	3.14159	1.69363	0.14482	
8.35	1.52526e+09	3.14159	1.6982	0.151859	
8.4	1.52526e+09	3.14159	1.71335	0.152722	
8.44999	1.52526e+09	3.14159	1.7645	0.146366	
8.49999	1.52526e+09	3.14159	1.6913	0.148283	
8.55	1.52526e+09	3.14159	1.7278	0.187792	
8.6	1.52526e+09	3.14159	1.74676	0.147377	
8.65	1.52526e+09	3.14159	1.71144	0.152862	
8.70001	1.52526e+09	3.14159	1.72077	0.11458	
8.75	1.52526e+09	3.14159	1.76376	0.145982	
8.8	1.52526e+09	3.14159	1.71936	0.150644	
8.84999	1.52526e+09	3.14159	1.68312	0.153584	
8.9	1.52526e+09	3.14159	1.70793	0.150698	
8.95	1.52526e+09	3.14159	1.70022	0.153143	
8.99999	1.52526e+09	3.14159	1.69583	0.150255	
9.05002	1.52526e+09	3.14159	1.72973	0.152186	
9.09999	1.52526e+09	3.14159	1.70403	0.165075	
9.15	1.52526e+09	3.14159	1.75234	0.154994	
9.20004	1.52526e+09	3.14159	1.73741	0.158854	
9.25	1.52526e+09	3.14159	1.79525	0.136552	
9.29999	1.52526e+09	3.14159	1.79796	0.139585	
9.34999	1.52526e+09	3.14159	1.74782	0.149928	
9.39999	1.52526e+09	3.14159	1.7158	0.156703	
9.45	1.52526e+09	3.14159	1.78483	0.160601	
9.5	1.52526e+09	3.14159	1.77234	0.144188	
9.55	1.52526e+09	3.14159	1.75793	0.156156	
9.60003	1.52526e+09	3.14159	1.77964	0.15458	
9.64999	1.52526e+09	3.14159	1.7946	0.152996	
9.7	1.52526e+09	3.14159	1.70983	0.149309	
9.74999	1.52526e+09	3.14159	1.72445	0.193494	
9.8002	1.52526e+09	3.14159	1.80529	0.15492	
9.85	1.52526e+09	3.14159	1.68858	0.153197	
9.9	1.52526e+09	3.14159	1.75754	0.147703	
9.94999	1.52526e+09	3.14159	1.75846	0.153606	
10	1.52526e+09	3.14159	1.7144	0.148954	
10.05	1.52526e+09	3.14159	1.69496	0.153446	
10.1	1.52526e+09	3.14159	1.71066	0.157198	
10.15	1.52526e+09	3.14159	1.70609	0.152422	
10.2	1.52526e+09	3.14159	1.7388	0.15025	
10.25	1.52526e+09	3.14159	1.69758	0.153924	
10.3	1.52526e+09	3.14159	1.69016	0.150033	
10.35	1.52526e+09	3.14159	1.69548	0.151849	
10.4	1.52526e+09	3.14159	1.73313	0.144446	
10.45	1.52526e+09	3.14159	1.79253	0.152401	
10.5	1.52526e+09	3.14159	1.77772	0.153624	
10.55	1.52526e+09	3.14159	1.759	0.159122	
10.6	1.52526e+09	3.14159	1.76668	0.15503	
10.65	1.52526e+09	3.14159	1.73753	0.152424	
10.7	1.52526e+09	3.14159	1.70046	0.144056	
10.75	1.52526e+09	3.14159	1.6881	0.148971	
10.8	1.52526e+09	3.14159	1.77518	0.159998	
10.85	1.52526e+09	3.14159	1.72822	0.156898	
10.9	1.52526e+09	3.14159	1.68762	0.146862	
10.95	1.52526e+09	3.14159	1.73812	0.145995	
11	1.52526e+09	3.14159	1.76347	0.155689	
11.05	1.52526e+09	3.14159	1.67932	0.147736	
11.1	1.52526e+09	3.14159	1.69743	0.150652	
11.15	1.52526e+09	3.14159	1.69519	0.15489	
11.2	1.52526e+09	3.14159	1.69887	0.150206	
11.25	1.52526e+09	3.14159	1.68967	0.155411	
11.3	1.52526e+09	3.14159	1.726	0.15912	
11.35	1.52526e+09	3.14159	1.7474	0.142722	
11.4	1.52526e+09	3.14159	1.71615	0.167022	
11.45	1.52526e+09	3.14159	1.74168	0.147557	
11.5001	1.52526e+09	3.14159	1.75895	0.174492	
11.55	1.52526e+09	3.14159	1.69425	0.156837	
11.6	1.52526e+09	3.14159	1.77714	0.154511	
11.65	1.52526e+09	3.14159	1.76592	0.148234	
11.7	1.52526e+09	3.14159	1.74056	0.137554	
11.75	1.52526e+09	3.14159	1.72213	0.117706	
11.8	1.52526e+09	3.14159	1.76432	0.149833	
11.85	1.52526e+09	3.14159	1.75107	0.15207	
11.9	1.52526e+09	3.14159	1.68204	0.155029	
11.95	1.52526e+09	3.14159	1.74216	0.21078	
12	1.52526e+09	3.14159	1.71843	0.150678	
12.05	1.52526e+09	3.14159	1.69068	0.14639	
12.1	1.52526e+09	3.14159	1.70117	0.150913	
12.15	1.52526e+09	3.14159	1.69548	0.194646	
12.2	1.52526e+09	3.14159	1.78056	0.155629	
12.25	1.52526e+09	3.14159	1.68359	0.155087	
12.3	1.52526e+09	3.14159	1.69117	0.150903	
12.35	1.52526e+09	3.14159	1.71406	0.162052	
12.4	1.52526e+09	3.14159	1.71122	0.121129	
12.45	1.52526e+09	3.14159	1.77578	0.146248	
12.5	1.52526e+09	3.14159	1.72667	0.169548	
12.55	1.52526e+09	3.14159	1.69019	0.154885	
12.6	1.52526e+09	3.14159	1.76965	0.150512	
12.65	1.52526e+09	3.14159	1.70899	0.2411	
12.7	1.52526e+09	3.14159	1.70896	0.152763	
12.75	1.52526e+09	3.14159	1.74544	0.160701	
12.8	1.52526e+09	3.14159	1.70394	0.155148	
12.85	1.52526e+09	3.14159	1.72134	0.144756	
12.9	1.52526e+09	3.14159	1.75748	0.151997	
12.95	1.52526e+09	3.14159	1.75358	0.144554	
13	1.52526e+09	3.14159	1.70322	0.152864	
13.05	1.52526e+09	3.14159	1.74724	0.142889	
13.1	1.52526e+09	3.14159	1.78554	0.190162	
13.15	1.52526e+09	3.14159	1.75362	0.149092	
13.2	1.52526e+09	3.14159	1.69533	0.15675	
13.25	1.52526e+09	3.14159	1.6852	0.149163	
13.3	1.52526e+09	3.14159	1.68737	0.148695	
13.35	1.52526e+09	3.14159	1.70689	0.1542	
13.4	1.52526e+09	3.14159	1.68584	0.194278	
13.45	1.52526e+09	3.14159	1.73114	0.193028	
13.5	1.52526e+09	3.14159	1.69651	0.15974	
13.55	1.52526e+09	3.14159	1.70798	0.148352	
13.6	1.52526e+09	3.14159	1.68715	0.146915	
13.65	1.52526e+09	3.14159	1.76933	0.148828	
13.7	1.52526e+09	3.14159	1.7065	0.156596	
13.75	1.52526e+09	3.14159	1.68775	0.155328	
13.8	1.52526e+09	3.14159	1.69336	0.155762	
13.85	1.52526e+09	3.14159	1.68858	0.157496	
13.9	1.52526e+09	3.14159	1.69323	0.150159	
13.95	1.52526e+09	3.14159	1.68527	0.2204	
14	1.52526e+09	3.14159	1.69215	0.146919	
14.05	1.52526e+09	3.14159	1.712	0.149316	
14.1	1.52526e+09	3.14159	1.74659	0.153056	
14.15	1.52526e+09	3.14159	1.75043	0.149712	
14.2001	1.52526e+09	3.14159	1.77406	0.148098	
14.25	1.52526e+09	3.14159	1.69907	0.169029	
14.3	1.52526e+09	3.14159	1.70776	0.145322	
14.35	1.52526e+09	3.14159	1.69434	0.151738	
14.4	1.52526e+09	3.14159	1.69494	0.152141	
14.45	1.52526e+09	3.14159	1.72741	0.153318	
14.5	1.52526e+09	3.14159	1.71589	0.149205	
14.55	1.52526e+09	3.14159	1.69462	0.152457	
14.6	1.52526e+09	3.14159	1.72166	0.151451	
14.65	1.52526e+09	3.14159	1.75366	0.183517	
14.7	1.52526e+09	3.14159	1.70783	0.153873	
14.75	1.52526e+09	3.14159	1.70085	0.165244	
14.8	1.52526e+09	3.14159	1.7672	0.150959	
14.85	1.52526e+09	3.14159	1.98537	0.163043	
14.9	1.52526e+09	3.14159	1.68641	0.15266	
14.95	1.52526e+09	3.14159	1.70343	0.14565	
15	1.52526e+09	3.14159	1.69578	0.1513	
15.05	1.52526e+09	3.14159	1.68536	0.147524	
15.1	1.52526e+09	3.14159	1.68021	0.156853	
15.15	1.52526e+09	3.14159	1.67775	0.146828	
15.2	1.52526e+09	3.14159	1.70204	0.150041	
15.25	1.52526e+09	3.14159	1.72028	0.144957	
15.3	1.52526e+09	3.14159	1.69359	0.155488	
15.35	1.52526e+09	3.14159	1.70455	0.15894	
15.4	1.52526e+09	3.14159	1.68762	0.143436	
15.45	1.52526e+09	3.14159	1.72212	0.155991	
15.5	1.52526e+09	3.14159	1.69253	0.141533	
15.55	1.52526e+09	3.14159	1.68939	0.168322	
15.6	1.52526e+09	3.14159	1.68328	0.182278	
15.65	1.52526e+09	3.14159	1.69401	0.149067	
15.7	1.52526e+09	3.14159	1.8139	0.203871	
15.75	1.52526e+09	3.14159	1.6983	0.148777	
15.8	1.52526e+09	3.14159	1.69355	0.148737	
15.8501	1.52526e+09	3.14159	1.69968	0.166162	
15.9	1.52526e+09	3.14159	1.68303	0.154041	
15.95	1.52526e+09	3.14159	1.70213	0.159968	
16	1.52526e+09	3.14159	1.68572	0.20444	
16.05	1.52526e+09	3.14159	1.70458	0.153942	
16.1	1.52526e+09	3.14159	1.68456	0.151162	
16.15	1.52526e+09	3.14159	1.69022	0.151857	
16.2	1.52526e+09	3.14159	1.69422	0.149668	
16.25	1.52526e+09	3.14159	1.69672	0.146549	
16.3004	1.52526e+09	3.14159	1.69247	0.197266	
16.35	1.52526e+09	3.14159	1.74192	0.153212	
16.4	1.52526e+09	3.14159	1.7233	0.151806	
16.45	1.52526e+09	3.14159	1.76329	0.15086	
16.5	1.52526e+09	3.14159	1.78585	0.133312	
16.55	1.52526e+09	3.14159	1.7235	0.151186	
16.6	1.52526e+09	3.14159	1.73255	0.147562	
16.65	1.52526e+09	3.14159	1.7254	0.154719	
16.7	1.52526e+09	3.14159	1.71057	0.149522	
16.75	1.52526e+09	3.14159	1.71004	0.142666	
16.8	1.52526e+09	3.14159	1.73315	0.156972	
16.85	1.52526e+09	3.14159	1.69999	0.152095	
16.9	1.52526e+09	3.14159	1.71063	0.152463	
16.95	1.52526e+09	3.14159	1.69612	0.154964	
17	1.52526e+09	3.14159	1.77284	0.192927	
17.05	1.52526e+09	3.14159	1.74551	0.151624	
17.1	1.52526e+09	3.14159	1.71086	0.157246	
17.15	1.52526e+09	3.14159	1.71146	0.155636	
17.2	1.52526e+09	3.14159	1.79644	0.157756	
17.25	1.52526e+09	3.14159	1.76465	0.207574	
17.3	1.52526e+09	3.14159	1.761	0.22924	
17.35	1.52526e+09	3.14159	1.71207	0.156029	
17.4	1.52526e+09	3.14159	1.72191	0.118154	
17.45	1.52526e+09	3.14159	1.76813	0.149211	
17.5	1.52526e+09	3.14159	1.72903	0.169104	
17.55	1.52526e+09	3.14159	1.71232	0.155015	
17.6	1.52526e+09	3.14159	1.72194	0.12514	
17.65	1.52526e+09	3.14159	1.76063	0.149691	
17.7	1.52526e+09	3.14159	1.7333	0.133584	
17.75	1.52526e+09	3.14159	1.69091	0.180096	
17.8	1.52526e+09	3.14159	1.68775	0.15663	
17.85	1.52526e+09	3.14159	1.69885	0.148223	
17.9	1.52526e+09	3.14159	1.75904	0.157111	
17.95	1.52526e+09	3.14159	1.68489	0.149176	
18	1.52526e+09	3.14159	1.67671	0.153352	
18.05	1.52526e+09	3.14159	1.71353	0.148286	
18.1	1.52526e+09	3.14159	1.68258	0.156492	
18.15	1.52526e+09	3.14159	1.68379	0.147272	
18.2	1.52526e+09	3.14159	1.70165	0.227053	
18.25	1.52526e+09	3.14159	1.69168	0.251589	
18.3	1.52526e+09	3.14159	1.74419	0.154946	
18.35	1.52526e+09	3.14159	1.68331	0.150751	
18.4	1.52526e+09	3.14159	1.69005	0.230074	
18.45	1.52526e+09	3.14159	1.72911	0.152007	
18.5	1.52526e+09	3.14159	1.75869	0.17148	
18.55	1.52526e+09	3.14159	1.69946	0.157085	
18.6	1.52526e+09	3.14159	1.67882	0.204622	
18.65	1.52526e+09	3.14159	1.70595	0.153145	
18.7	1.52526e+09	3.14159	1.68618	0.159896	
18.75	1.52526e+09	3.14159	1.71684	0.152262	
18.8	1.52526e+09	3.14159	1.77308	0.121554	
18.85	1.52526e+09	3.14159	1.75537	0.151302	
18.9	1.52526e+09	3.14159	1.71311	0.152991	
18.9501	1.52526e+09	3.14159	1.6972	0.167901	
19	1.52526e+09	3.14159	1.76311	0.459384	
19.05	1.52526e+09	3.14159	1.69112	0.149729	
19.1	1.52526e+09	3.14159	1.68463	0.150435	
19.15	1.52526e+09	3.14159	1.67352	0.153083	
19.2	1.52526e+09	3.14159	1.69261	0.146787	
19.25	1.52526e+09	3.14159	1.69179	0.175527	
19.3	1.52526e+09	3.14159	1.71643	0.150675	
19.35	1.52526e+09	3.14159	1.70948	0.151614	
19.4	1.52526e+09	3.14159	1.68489	0.153171	
19.45	1.52526e+09	3.14159	1.78533	0.151844	
19.5	1.52526e+09	3.14159	1.7186	0.15451	
19.55	1.52526e+09	3.14159	1.69461	0.151465	
19.6002	1.52526e+09	3.14159	1.7765	0.151673	
19.65	1.52526e+09	3.14159	1.69081	0.151258	
19.7	1.52526e+09	3.14159	1.70114	0.206977	
19.75	1.52526e+09	3.14159	1.69693	0.162165	
19.8	1.52526e+09	3.14159	1.70995	0.150059	
19.85	1.52526e+09	3.14159	1.6972	0.153883	
19.9	1.52526e+09	3.14159	1.69353	0.156551	
19.95	1.52526e+09	3.14159	1.69266	0.155088	
20	1.52526e+09	3.14159	1.75082	0.154324	
20.05	1.52526e+09	3.14159	1.69648	0.149593	
20.1	1.52526e+09	3.14159	1.71539	0.150711	
20.15	1.52526e+09	3.14159	1.70453	0.147554	
20.2	1.52526e+09	3.14159	1.75828	0.146862	
20.25	1.52526e+09	3.14159	1.68635	0.159725	
20.3	1.52526e+09	3.14159	1.69919	0.14689	
20.35	1.52526e+09	3.14159	1.69933	0.152749	
20.4	1.52526e+09	3.14159	1.68331	0.156763	
20.45	1.52526e+09	3.14159	1.71975	0.159597	
20.5	1.52526e+09	3.14159	1.7099	0.1532	
20.55	1.52526e+09	3.14159	1.68121	0.15185	
20.6	1.52526e+09	3.14159	1.7389	0.154232	
20.65	1.52526e+09	3.14159	1.68684	0.149064	
20.7	1.52526e+09	3.14159	1.68426	0.150805	
20.75	1.52526e+09	3.14159	1.69928	0.156804	
20.8	1.52526e+09	3.14159	1.68989	0.154186	
20.85	1.52526e+09	3.14159	1.69714	0.171497	
20.9	1.52526e+09	3.14159	1.67714	0.277661	
20.95	1.52526e+09	3.14159	1.69595	0.145118	
21	1.52526e+09	3.14159	1.69975	0.185372	
21.05	1.52526e+09	3.14159	1.67853	0.155528	
21.1	1.52526e+09	3.14159	1.76479	0.179369	
21.15	1.52526e+09	3.14159	1.71535	0.154757	
21.2	1.52526e+09	3.14159	1.71176	0.171903	
21.25	1.52526e+09	3.14159	1.68462	0.149446	
21.3	1.52526e+09	3.14159	1.7094	0.144677	
21.35	1.52526e+09	3.14159	1.7023	0.156541	
21.4	1.52526e+09	3.14159	1.74033	0.148222	
21.45	1.52526e+09	3.14159	1.75142	0.154721	
21.5	1.52526e+09	3.14159	1.78825	0.158941	
21.55	1.52526e+09	3.14159	1.75568	0.15847	
21.6	1.52526e+09	3.14159	1.84026	0.157985	
21.65	1.52526e+09	3.14159	1.73355	0.147568	
21.7	1.52526e+09	3.14159	1.70564	0.149444	
21.7501	1.52526e+09	3.14159	1.76142	0.143726	
21.8	1.52526e+09	3.14159	1.69398	0.131584	
21.85	1.52526e+09	3.14159	1.82013	0.14708	
21.9	1.52526e+09	3.14159	1.67543	0.145616	
21.95	1.52526e+09	3.14159	1.68251	0.151551	
22	1.52526e+09	3.14159	1.69946	0.149653	
22.05	1.52526e+09	3.14159	1.69742	0.146657	
22.1	1.52526e+09	3.14159	1.70078	0.219378	
22.15	1.52526e+09	3.14159	1.70749	0.208665	
22.2	1.52526e+09	3.14159	1.69091	0.154162	
22.25	1.52526e+09	3.14159	1.67352	0.152401	
22.3	1.52526e+09	3.14159	1.69697	0.148935	
22.35	1.52526e+09	3.14159	1.69529	0.145451	
22.4	1.52526e+09	3.14159	1.70417	0.15311	
22.45	1.52526e+09	3.14159	1.71687	0.158239	
22.5001	1.52526e+09	3.14159	1.68793	0.150138	
22.55	1.52526e+09	3.14159	1.68794	0.146119	
22.6	1.52526e+09	3.14159	1.70146	0.153628	
22.65	1.52526e+09	3.14159	1.70976	0.145329	
22.7	1.52526e+09	3.14159	1.68903	0.146039	
22.75	1.52526e+09	3.14159	1.75345	0.151694	
22.8	1.52526e+09	3.14159	1.688	0.150064	
22.85	1.52526e+09	3.14159	1.68602	0.174691	
22.9	1.52526e+09	3.14159	1.7566	0.153383	
22.95	1.52526e+09	3.14159	1.68651	0.186057	
23	1.52526e+09	3.14159	1.68976	0.1624	
23.05	1.52526e+09	3.14159	1.70189	0.222946	
23.1	1.52526e+09	3.14159	1.68606	0.179481	
23.15	1.52526e+09	3.14159	1.67376	0.151989	
23.2	1.52526e+09	3.14159	1.70903	0.154061	
23.25	1.52526e+09	3.14159	1.67419	0.153861	
23.3	1.52526e+09	3.14159	1.74131	0.22184	
23.35	1.52526e+09	3.14159	1.71174	0.213426	
23.4	1.52526e+09	3.14159	1.70015	0.14693	
23.45	1.52526e+09	3.14159	1.71783	0.148269	
23.5	1.52526e+09	3.14159	1.68566	0.145442	
23.55	1.52526e+09	3.14159	1.71679	0.211956	
23.6	1.52526e+09	3.14159	1.67849	0.146401	
23.65	1.52526e+09	3.14159	1.69426	0.170908	
23.7	1.52526e+09	3.14159	1.6822	0.1527	
23.75	1.52526e+09	3.14159	1.73113	0.142976	
23.8	1.52526e+09	3.14159	1.76527	0.14588	
23.8501	1.52526e+09	3.14159	1.7511	0.157046	
23.9	1.52526e+09	3.14159	1.69513	0.160955	
23.95	1.52526e+09	3.14159	1.69008	0.210498	
24	1.52526e+09	3.14159	1.71129	0.155452	
24.05	1.52526e+09	3.14159	1.76191	0.148238	
24.1	1.52526e+09	3.14159	1.69232	0.218522	
24.15	1.52526e+09	3.14159	1.67563	0.156428	
24.2	1.52526e+09	3.14159	1.69081	0.152258	
24.25	1.52526e+09	3.14159	1.68575	0.150316	
24.3	1.52526e+09	3.14159	1.70353	0.146552	
24.35	1.52526e+09	3.14159	1.68284	0.158322	
24.4	1.52526e+09	3.14159	1.76817	0.186033	
24.45	1.52526e+09	3.14159	1.72223	0.161891	
24.5	1.52526e+09	3.14159	1.71636	0.165758	
24.55	1.52526e+09	3.14159	1.77557	0.148598	
24.6	1.52526e+09	3.14159	1.71034	0.18127	
24.65	1.52526e+09	3.14159	1.72836	0.144742	
24.7	1.52526e+09	3.14159	1.68066	0.227151	
24.7501	1.52526e+09	3.14159	1.7013	0.14773	
24.8	1.52526e+09	3.14159	1.69757	0.245616	
24.85	1.52526e+09	3.14159	1.69718	0.147894	
24.9	1.52526e+09	3.14159	1.70043	0.149648	
24.95	1.52526e+09	3.14159	1.71075	0.145335	
25	1.52526e+09	3.14159	1.73548	0.358166	
25.05	1.52526e+09	3.14159	1.685	0.152063	
25.1	1.52526e+09	3.14159	1.69729	0.154795	
25.15	1.52526e+09	3.14159	1.69053	0.149539	
25.2001	1.52526e+09	3.14159	1.69163	0.207508	
25.25	1.52526e+09	3.14159	1.67771	0.153246	
25.3	1.52526e+09	3.14159	1.68958	0.149493	
25.35	1.52526e+09	3.14159	1.68913	0.144934	
25.4	1.52526e+09	3.14159	1.68291	0.149154	
25.45	1.52526e+09	3.14159	1.71358	0.1395	
25.5	1.52526e+09	3.14159	1.70348	0.164791	
25.55	1.52526e+09	3.14159	1.69634	0.146734	
25.6	1.52526e+09	3.14159	1.75278	0.155878	
25.65	1.52526e+09	3.14159	1.6721	0.119914	
25.7	1.52526e+09	3.14159	1.68374	0.150327	
25.75	1.52526e+09	3.14159	1.69202	0.145046	
25.8	1.52526e+09	3.14159	1.7649	0.293415	
25.85	1.52526e+09	3.14159	1.69414	0.150931	
25.9	1.52526e+09	3.14159	1.68244	0.154631	
25.95	1.52526e+09	3.14159	1.83201	0.15022	
26	1.52526e+09	3.14159	1.74633	0.159811	
26.05	1.52526e+09	3.14159	1.80067	0.15853	
26.1	1.52526e+09	3.14159	1.79609	0.275238	
26.15	1.52526e+09	3.14159	1.69035	0.144718	
26.2	1.52526e+09	3.14159	1.69935	0.153737	
26.25	1.52526e+09	3.14159	1.7167	0.151203	
26.3	1.52526e+09	3.14159	1.78556	0.319809	
26.35	1.52526e+09	3.14159	1.7968	0.132367	
26.4	1.52526e+09	3.14159	1.79905	0.186397	
26.45	1.52526e+09	3.14159	1.75806	0.135713	
26.5004	1.52526e+09	3.14159	1.69284	0.219959	
26.55	1.52526e+09	3.14159	1.77749	0.149679	
26.6	1.52526e+09	3.14159	1.70239	0.170714	
26.65	1.52526e+09	3.14159	1.73012	0.150992	
26.7	1.52526e+09	3.14159	1.71555	0.293709	
26.75	1.52526e+09	3.14159	1.77858	0.149589	
26.8	1.52526e+09	3.14159	1.74409	0.153263	
26.85	1.52526e+09	3.14159	1.6869	0.149167	
26.9	1.52526e+09	3.14159	1.73572	0.149404	
26.95	1.52526e+09	3.14159	1.71263	0.147462	
27	1.52526e+09	3.14159	1.68481	0.153258	
27.05	1.52526e+09	3.14159	1.70385	0.189766	
27.1	1.52526e+09	3.14159	1.71831	0.14679	
27.15	1.52526e+09	3.14159	1.7473	0.150608	
27.2002	1.52526e+09	3.14159	1.70326	0.159137	
27.25	1.52526e+09	3.14159	1.67697	0.158778	
27.3	1.52526e+09	3.14159	1.72136	0.149786	
27.35	1.52526e+09	3.14159	1.78303	0.155488	
27.4	1.52526e+09	3.14159	1.68122	0.171228	
27.45	1.52526e+09	3.14159	1.74364	0.147489	
27.5	1.52526e+09	3.14159	1.69595	0.14913	
27.55	1.52526e+09	3.14159	1.69415	0.142921	
27.6	1.52526e+09	3.14159	1.68978	0.146281	
27.65	1.52526e+09	3.14159	1.7406	0.179313	
27.7	1.52526e+09	3.14159	1.7947	0.149822	
27.75	1.52526e+09	3.14159	1.70429	0.147787	
27.8	1.52526e+09	3.14159	1.68864	0.151268	
27.85	1.52526e+09	3.14159	1.75821	0.148935	
27.9	1.52526e+09	3.14159	1.69789	0.217266	
27.95	1.52526e+09	3.14159	1.77276	0.158412	
28	1.52526e+09	3.14159	1.68074	0.216397	
28.05	1.52526e+09	3.14159	1.71267	0.148421	
28.1	1.52526e+09	3.14159	1.70474	0.152344	
28.15	1.52526e+09	3.14159	1.70504	0.145042	
28.2	1.52526e+09	3.14159	1.71742	0.151681	
28.25	1.52526e+09	3.14159	1.74235	0.227187	
28.3	1.52526e+09	3.14159	1.68799	0.154376	
28.35	1.52526e+09	3.14159	1.68761	0.141443	
28.4	1.52526e+09	3.14159	1.6959	0.141163	
28.45	1.52526e+09	3.14159	1.77097	0.158336	
28.5	1.52526e+09	3.14159	1.71918	0.15293	
28.5501	1.52526e+09	3.14159	1.70357	0.149509	
28.6	1.52526e+09	3.14159	1.68757	0.155507	
28.65	1.52526e+09	3.14159	1.69015	0.149921	
28.7	1.52526e+09	3.14159	1.68694	0.167143	
28.75	1.52526e+09	3.14159	1.68586	0.147201	
28.8	1.52526e+09	3.14159	1.6937	0.146373	
28.85	1.52526e+09	3.14159	1.69819	0.145885	
28.9	1.52526e+09	3.14159	1.80817	0.147055	
28.95	1.52526e+09	3.14159	1.76869	0.142465	
29	1.52526e+09	3.14159	1.68718	0.151886	
29.05	1.52526e+09	3.14159	1.68958	0.149487	
29.1	1.52526e+09	3.14159	1.69608	0.145991	
29.15	1.52526e+09	3.14159	1.69592	0.154162	
29.2	1.52526e+09	3.14159	1.69224	0.153059	
29.25	1.52526e+09	3.14159	1.77335	0.150811	
29.3	1.52526e+09	3.14159	1.77127	0.169913	
29.35	1.52526e+09	3.14159	1.69475	0.151326	
29.4	1.52526e+09	3.14159	1.69256	0.155514	
29.45	1.52526e+09	3.14159	1.72331	0.159803	
29.5	1.52526e+09	3.14159	1.76462	0.155539	
29.5501	1.52526e+09	3.14159	1.71682	0.130258	
29.6	1.52526e+09	3.14159	1.70967	0.156433	
29.65	1.52526e+09	3.14159	1.69433	0.161429	
29.7	1.52526e+09	3.14159	1.68658	0.159498	
29.75	1.52526e+09	3.14159	1.68984	0.146515	
29.8	1.52526e+09	3.14159	1.68785	0.147216	
29.85	1.52526e+09	3.14159	1.70172	0.154372	
29.9	1.52526e+09	3.14159	1.70757	0.171316	
29.95	1.52526e+09	3.14159	1.75691	0.142226	
30	1.52526e+09	3.14159	1.69331	0.142756	
30.05	1.52526e+09	3.14159	1.69869	0.150385	
30.1	1.52526e+09	3.14159	1.69841	0.158681	
30.15	1.52526e+09	3.14159	1.68767	0.1524	
30.2	1.52526e+09	3.14159	1.74214	0.151991	
30.25	1.52526e+09	3.14159	1.69014	0.147931	
30.3	1.52526e+09	3.14159	1.69074	0.16234	
30.35	1.52526e+09	3.14159	1.74664	0.147494	
30.4	1.52526e+09	3.14159	1.68911	0.142947	
30.45	1.52526e+09	3.14159	1.73848	0.15065	
30.5	1.52526e+09	3.14159	1.67817	0.15752	
30.55	1.52526e+09	3.14159	1.71283	0.155271	
30.6	1.52526e+09	3.14159	1.78568	0.156506	
30.65	1.52526e+09	3.14159	1.68724	0.146824	
30.7	1.52526e+09	3.14159	1.6786	0.203731	
30.75	1.52526e+09	3.14159	1.74957	0.150839	
30.8	1.52526e+09	3.14159	1.6927	0.14337	
30.85	1.52526e+09	3.14159	1.68852	0.161563	
30.9	1.52526e+09	3.14159	1.69007	0.146991	
30.95	1.52526e+09	3.14159	1.68894	0.15113	
31	1.52526e+09	3.14159	1.69411	0.155758	
31.05	1.52526e+09	3.14159	1.69504	0.203212	
31.1	1.52526e+09	3.14159	1.7015	0.15868	
31.15	1.52526e+09	3.14159	1.69139	0.147683	
31.2	1.52526e+09	3.14159	1.71462	0.153119	
31.25	1.52526e+09	3.14159	1.68464	0.154432	
31.3	1.52526e+09	3.14159	1.6691	0.192993	
31.35	1.52526e+09	3.14159	1.68706	0.163026	
31.4	1.52526e+09	3.14159	1.76264	0.154513	
31.45	1.52526e+09	3.14159	1.74562	0.135498	
31.5	1.52526e+09	3.14159	1.70663	0.141818	
31.55	1.52526e+09	3.14159	1.72023	0.157884	
31.6	1.52526e+09	3.14159	1.69938	0.16171	
31.65	1.52526e+09	3.14159	1.70528	0.149804	
31.7	1.52526e+09	3.14159	1.94774	0.152622	
31.75	1.52526e+09	3.14159	1.75893	0.210714	
31.8	1.52526e+09	3.14159	1.78602	0.172965	
31.85	1.52526e+09	3.14159	1.71551	0.1672	
31.9	1.52526e+09	3.14159	1.7345	0.155624	
31.95	1.52526e+09	3.14159	1.70271	0.156377	
32	1.52526e+09	3.14159	1.67554	0.142074	
32.05	1.52526e+09	3.14159	1.69135	0.187763	
32.1	1.52526e+09	3.14159	1.7049	0.151185	
32.15	1.52526e+09	3.14159	1.83611	0.158137	
32.2	1.52526e+09	3.14159	1.76626	0.155663	
32.25	1.52526e+09	3.14159	1.68143	0.151627	
32.3	1.52526e+09	3.14159	1.68377	0.14929	
32.35	1.52526e+09	3.14159	1.68828	0.153077	
32.4	1.52526e+09	3.14159	1.69944	0.166662	
32.45	1.52526e+09	3.14159	1.72446	0.162662	
32.5	1.52526e+09	3.14159	1.7219	0.353432	
32.55	1.52526e+09	3.14159	1.68726	0.196587	
32.6	1.52526e+09	3.14159	1.68384	0.159231	
32.65	1.52526e+09	3.14159	1.77224	0.25079	
32.7	1.52526e+09	3.14159	1.68407	0.172021	
32.75	1.52526e+09	3.14159	1.69771	0.150369	
32.8	1.52526e+09	3.14159	1.7153	0.152799	
32.85	1.52526e+09	3.14159	1.71902	0.157087	
32.9	1.52526e+09	3.14159	1.71275	0.149837	
32.95	1.52526e+09	3.14159	1.68484	0.150798	
33	1.52526e+09	3.14159	1.6785	0.143553	
33.05	1.52526e+09	3.14159	1.71346	0.230345	
33.1	1.52526e+09	3.14159	1.70133	0.209662	
33.15	1.52526e+09	3.14159	1.71201	0.139074	
33.2	1.52526e+09	3.14159	1.68	0.194105	
33.25	1.52526e+09	3.14159	1.74908	0.155059	
33.3001	1.52526e+09	3.14159	1.6722	0.149852	
33.35	1.52526e+09	3.14159	1.67564	0.160423	
33.4	1.52526e+09	3.14159	1.67594	0.226489	
33.45	1.52526e+09	3.14159	1.73651	0.201955	
33.5	1.52526e+09	3.14159	1.67869	0.146366	
33.55	1.52526e+09	3.14159	1.76293	0.151224	
33.6	1.52526e+09	3.14159	1.6864	0.157672	
33.65	1.52526e+09	3.14159	1.67438	0.154682	
33.7	1.52526e+09	3.14159	1.71087	0.273983	
33.75	1.52526e+09	3.14159	1.67299	0.150065	
33.8	1.52526e+09	3.14159	1.68428	0.149786	
33.85	1.52526e+09	3.14159	1.67826	0.150799	
33.9	1.52526e+09	3.14159	1.69154	0.197585	
33.95	1.52526e+09	3.14159	1.6828	0.151264	
34	1.52526e+09	3.14159	1.68277	0.206549	
34.05	1.52526e+09	3.14159	1.70329	0.197605	
34.1	1.52526e+09	3.14159	1.74686	0.207334	
34.15	1.52526e+09	3.14159	1.68597	0.161108	
34.2	1.52526e+09	3.14159	1.67621	0.153844	
34.25	1.52526e+09	3.14159	1.73885	0.148269	
34.3	1.52526e+09	3.14159	1.74185	0.162297	
34.35	1.52526e+09	3.14159	1.67478	0.147265	
34.4	1.52526e+09	3.14159	1.67508	0.152922	
34.45	1.52526e+09	3.14159	1.73984	0.218362	
34.5	1.52526e+09	3.14159	1.6958	0.144821	
34.55	1.52526e+09	3.14159	1.69267	0.16041	
34.6	1.52526e+09	3.14159	1.75457	0.151574	
34.65	1.52526e+09	3.14159	1.69742	0.169675	
34.7	1.52526e+09	3.14159	1.71612	0.159985	
34.75	1.52526e+09	3.14159	1.74487	0.148255	
34.8	1.52526e+09	3.14159	1.69749	0.15359	
34.8505	1.52526e+09	3.14159	1.68315	0.230046	
34.9	1.52526e+09	3.14159	1.68663	0.133419	
34.9501	1.52526e+09	3.14159	1.70076	0.152322	
35	1.52526e+09	3.14159	1.70527	0.216479	
35.05	1.52526e+09	3.14159	1.70102	0.172338	
35.1	1.52526e+09	3.14159	1.76214	0.149011	
35.15	1.52526e+09	3.14159	1.68508	0.149986	
35.2	1.52526e+09	3.14159	1.68718	0.181498	
35.25	1.52526e+09	3.14159	1.67502	0.147026	
35.3	1.52526e+09	3.14159	1.72427	0.14884	
35.35	1.52526e+09	3.14159	1.69096	0.150113	
35.4	1.52526e+09	3.14159	1.70504	0.149048	
35.4502	1.52526e+09	3.14159	1.77509	0.194313	
35.5	1.52526e+09	3.14159	1.70585	0.152244	
35.55	1.52526e+09	3.14159	1.71288	0.153222	
35.6	1.52526e+09	3.14159	1.74443	0.212773	
35.65	1.52526e+09	3.14159	1.68402	0.213118	
35.7001	1.52526e+09	3.14159	1.69087	0.170228	
35.75	1.52526e+09	3.14159	1.68753	0.145528	
35.8	1.52526e+09	3.14159	1.69456	0.12148	
35.85	1.52526e+09	3.14159	1.67424	0.154819	
35.9	1.52526e+09	3.14159	1.67444	0.147607	
35.95	1.52526e+09	3.14159	1.68307	0.143987	
36	1.52526e+09	3.14159	1.74319	0.148942	
36.05	1.52526e+09	3.14159	1.6858	0.152017	
36.1	1.52526e+09	3.14159	1.692	0.13005	
36.15	1.52526e+09	3.14159	1.68331	0.15276	
36.2	1.52526e+09	3.14159	1.74603	0.201163	
36.25	1.52526e+09	3.14159	1.6797	0.205091	
36.3	1.52526e+09	3.14159	1.68656	0.159519	
36.35	1.52526e+09	3.14159	1.7314	0.157725	
36.4	1.52526e+09	3.14159	1.77461	0.158561	
36.45	1.52526e+09	3.14159	1.78171	0.150468	
36.5	1.52526e+09	3.14159	1.72962	0.129467	
36.55	1.52526e+09	3.14159	1.71056	0.151537	
36.6	1.52526e+09	3.14159	1.6928	0.15929	
36.65	1.52526e+09	3.14159	1.73743	0.146689	
36.7	1.52526e+09	3.14159	1.72645	0.150661	
36.75	1.52526e+09	3.14159	1.72064	0.151469	
36.8	1.52526e+09	3.14159	1.71792	0.200106	
36.85	1.52526e+09	3.14159	1.71454	0.175517	
36.9	1.52526e+09	3.14159	1.71678	0.153811	
36.95	1.52526e+09	3.14159	1.76845	0.208641	
37	1.52526e+09	3.14159	1.70291	0.147168	
37.05	1.52526e+09	3.14159	1.70337	0.151134	
37.1	1.52526e+09	3.14159	1.76964	0.149521	
37.15	1.52526e+09	3.14159	1.69048	0.162603	
37.2	1.52526e+09	3.14159	1.6862	0.239573	
37.25	1.52526e+09	3.14159	1.69057	0.150503	
37.3	1.52526e+09	3.14159	1.69396	0.146109	
37.35	1.52526e+09	3.14159	1.68103	0.147027	
37.4	1.52526e+09	3.14159	1.70405	0.149037	
37.45	1.52526e+09	3.14159	1.78906	0.141116	
37.5	1.52526e+09	3.14159	1.6964	0.148677	
37.55	1.52526e+09	3.14159	1.712	0.149093	
37.6	1.52526e+09	3.14159	1.70164	0.145543	
37.65	1.52526e+09	3.14159	1.68475	0.153322	
37.7	1.52526e+09	3.14159	1.68997	0.1501	
37.75	1.52526e+09	3.14159	1.68055	0.154519	
37.8	1.52526e+09	3.14159	1.68464	0.145423	
37.85	1.52526e+09	3.14159	1.68852	0.154555	
37.9	1.52526e+09	3.14159	1.67501	0.200897	
37.95	1.52526e+09	3.14159	1.75988	0.147264	
38	1.52526e+09	3.14159	1.68876	0.151306	
38.05	1.52526e+09	3.14159	1.71502	0.150299	
38.1002	1.52526e+09	3.14159	1.67323	0.200941	
38.15	1.52526e+09	3.14159	1.69637	0.147699	
38.2	1.52526e+09	3.14159	1.78706	0.149122	
38.25	1.52526e+09	3.14159	1.75481	0.146333	
38.3	1.52526e+09	3.14159	1.68179	0.154881	
38.35	1.52526e+09	3.14159	1.68113	0.147024	
38.4	1.52526e+09	3.14159	1.7511	0.162053	
38.45	1.52526e+09	3.14159	1.72579	0.145869	
38.5	1.52526e+09	3.14159	1.68141	0.155654	
38.55	1.52526e+09	3.14159	1.68326	0.147797	
38.6	1.52526e+09	3.14159	1.69848	0.149597	
38.65	1.52526e+09	3.14159	1.68245	0.159065	
38.7	1.52526e+09	3.14159	1.69062	0.153458	
38.75	1.52526e+09	3.14159	1.68889	0.144172	
38.8	1.52526e+09	3.14159	1.68733	0.152741	
38.85	1.52526e+09	3.14159	1.7623	0.151423	
38.9	1.52526e+09	3.14159	1.67591	0.158155	
38.95	1.52526e+09	3.14159	1.69351	0.14356	
39	1.52526e+09	3.14159	1.76431	0.144608	
39.05	1.52526e+09	3.14159	1.67768	0.144367	
39.1	1.52526e+09	3.14159	1.68253	0.169552	
39.15	1.52526e+09	3.14159	1.68929	0.144776	
39.2	1.52526e+09	3.14159	1.68182	0.152246	
39.25	1.52526e+09	3.14159	1.68344	0.154632	
39.3	1.52526e+09	3.14159	1.77004	0.160131	
39.3504	1.52526e+09	3.14159	1.68215	0.159917	
39.4	1.52526e+09	3.14159	1.74692	0.204963	
39.45	1.52526e+09	3.14159	1.71524	0.144848	
39.5	1.52526e+09	3.14159	1.72892	0.155202	
39.55	1.52526e+09	3.14159	1.69387	0.145197	
39.6	1.52526e+09	3.14159	1.68409	0.152979	
39.65	1.52526e+09	3.14159	1.68829	0.154778	
39.7	1.52526e+09	3.14159	1.71088	0.151212	
39.75	1.52526e+09	3.14159	1.70777	0.240041	
39.8	1.52526e+09	3.14159	1.6752	0.152852	
39.85	1.52526e+09	3.14159	1.67763	0.150425	
39.9	1.52526e+09	3.14159	1.74341	0.146105	
39.95	1.52526e+09	3.14159	1.69181	0.139253	
40	1.52526e+09	3.14159	1.69476	0.153325	
40.05	1.52526e+09	3.14159	1.70638	0.150478	
40.1	1.52526e+09	3.14159	1.70297	0.162515	
40.15	1.52526e+09	3.14159	1.69591	0.148163	
40.2	1.52526e+09	3.14159	1.6909	0.14917	
40.25	1.52526e+09	3.14159	1.67762	0.151242	
40.3	1.52526e+09	3.14159	1.68858	0.153059	
40.35	1.52526e+09	3.14159	1.69063	0.147734	
40.4	1.52526e+09	3.14159	1.69298	0.149091	
40.45	1.52526e+09	3.14159	1.73091	0.145201	
40.5	1.52526e+09	3.14159	1.69289	0.165196	
40.55	1.52526e+09	3.14159	1.73332	0.203858	
40.6	1.52526e+09	3.14159	1.70535	0.149736	
40.65	1.52526e+09	3.14159	1.70625	0.150838	
40.7	1.52526e+09	3.14159	1.74293	0.204258	
40.75	1.52526e+09	3.14159	1.70383	0.138241	
40.8	1.52526e+09	3.14159	1.69109	0.189023	
40.85	1.52526e+09	3.14159	1.69282	0.147249	
40.9	1.52526e+09	3.14159	1.71228	0.156589	
40.95	1.52526e+09	3.14159	1.7004	0.155684	
41	1.52526e+09	3.14159	1.70291	0.256295	
41.05	1.52526e+09	3.14159	1.73401	0.149111	
41.1	1.52526e+09	3.14159	1.73002	0.159107	
41.15	1.52526e+09	3.14159	1.75913	0.197994	
41.2	1.52526e+09	3.14159	1.68368	0.211455	
41.25	1.52526e+09	3.14159	1.67184	0.156746	
41.3	1.52526e+09	3.14159	1.75878	0.157378	
41.35	1.52526e+09	3.14159	1.69066	0.152288	
41.4	1.52526e+09	3.14159	1.68887	0.150203	
41.45	1.52526e+09	3.14159	1.71385	0.146238	
41.5	1.52526e+09	3.14159	1.7118	0.149293	
41.5501	1.52526e+09	3.14159	1.70673	0.14836	
41.6	1.52526e+09	3.14159	1.73735	0.151771	
41.65	1.52526e+09	3.14159	1.68866	0.114368	
41.7	1.52526e+09	3.14159	1.70233	0.306928	
41.7501	1.52526e+09	3.14159	1.69605	0.153034	
41.8	1.52526e+09	3.14159	1.69099	0.153088	
41.85	1.52526e+09	3.14159	1.69335	0.159734	
41.9004	1.52526e+09	3.14159	1.69968	0.204278	
41.95	1.52526e+09	3.14159	1.70182	0.150259	
42	1.52526e+09	3.14159	1.69644	0.145637	
42.05	1.52526e+09	3.14159	1.69628	0.1548	
42.1	1.52526e+09	3.14159	1.71876	0.152344	
42.15	1.52526e+09	3.14159	1.71205	0.149804	
42.2	1.52526e+09	3.14159	1.69215	0.184308	
42.25	1.52526e+09	3.14159	1.76084	0.215429	
42.3	1.52526e+09	3.14159	1.68396	0.144094	
42.35	1.52526e+09	3.14159	1.69516	0.147916	
42.4	1.52526e+09	3.14159	1.71156	0.155539	
42.45	1.52526e+09	3.14159	1.7374	0.143714	
42.5	1.52526e+09	3.14159	1.71056	0.183406	
42.55	1.52526e+09	3.14159	1.69211	0.157972	
42.6	1.52526e+09	3.14159	1.69178	0.148462	
42.6503	1.52526e+09	3.14159	1.71253	0.218485	
42.7	1.52526e+09	3.14159	1.74714	0.231091	
42.75	1.52526e+09	3.14159	1.68147	0.153593	
42.8	1.52526e+09	3.14159	1.68897	0.187144	
42.85	1.52526e+09	3.14159	1.69083	0.152277	
42.9	1.52526e+09	3.14159	1.67601	0.161549	
42.95	1.52526e+09	3.14159	1.6963	0.179951	
43	1.52526e+09	3.14159	1.69838	0.26452	
43.05	1.52526e+09	3.14159	1.783	0.144168	
43.1	1.52526e+09	3.14159	1.67753	0.207108	
43.15	1.52526e+09	3.14159	1.69681	0.151272	
43.2	1.52526e+09	3.14159	1.68102	0.152042	
43.25	1.52526e+09	3.14159	1.67178	0.139044	
43.3	1.52526e+09	3.14159	1.68083	0.223316	
43.35	1.52526e+09	3.14159	1.69208	0.150991	
43.4	1.52526e+09	3.14159	1.6946	0.151634	
43.45	1.52526e+09	3.14159	1.73291	0.148421	
43.5001	1.52526e+09	3.14159	1.69107	0.158013	
43.55	1.52526e+09	3.14159	1.68184	0.150216	
43.6	1.52526e+09	3.14159	1.67363	0.156424	
43.65	1.52526e+09	3.14159	1.68816	0.148155	
43.7	1.52526e+09	3.14159	1.78283	0.209063	
43.75	1.52526e+09	3.14159	1.76949	0.15167	
43.8	1.52526e+09	3.14159	1.69399	0.15944	
43.85	1.52526e+09	3.14159	1.68393	0.151132	
43.9	1.52526e+09	3.14159	1.68508	0.145975	
43.95	1.52526e+09	3.14159	1.68343	0.146628	
44	1.52526e+09	3.14159	1.76348	0.158686	
44.05	1.52526e+09	3.14159	1.68818	0.150886	
44.1	1.52526e+09	3.14159	1.68669	0.150373	
44.15	1.52526e+09	3.14159	1.69057	0.154508	
44.2	1.52526e+09	3.14159	1.70127	0.142808	
44.25	1.52526e+09	3.14159	1.68363	0.173455	
44.3001	1.52526e+09	3.14159	1.7278	0.149313	
44.35	1.52526e+09	3.14159	1.67753	0.151522	
44.4	1.52526e+09	3.14159	1.67578	0.148267	
44.45	1.52526e+09	3.14159	1.78925	0.146931	
44.5	1.52526e+09	3.14159	1.70169	0.155402	
44.55	1.52526e+09	3.14159	1.68629	0.14582	
44.6	1.52526e+09	3.14159	1.74751	0.167638	
44.65	1.52526e+09	3.14159	1.73625	0.152201	
44.7	1.52526e+09	3.14159	1.71422	0.154442	
44.75	1.52526e+09	3.14159	1.7237	0.149036	
44.8	1.52526e+09	3.14159	1.69192	0.20758	
44.85	1.52526e+09	3.14159	1.69115	0.150925	
44.9	1.52526e+09	3.14159	1.78475	0.144415	
44.95	1.52526e+09	3.14159	1.6824	0.148654	
45	1.52526e+09	3.14159	1.6812	0.154864	
45.05	1.52526e+09	3.14159	1.68403	0.145025	
45.1	1.52526e+09	3.14159	1.70187	0.202837	
45.15	1.52526e+09	3.14159	1.67543	0.152629	
45.2	1.52526e+09	3.14159	1.68755	0.152518	
45.25	1.52526e+09	3.14159	1.68256	0.15451	
45.3	1.52526e+09	3.14159	1.67342	0.142462	
45.35	1.52526e+09	3.14159	1.69748	0.143589	
45.4	1.52526e+09	3.14159	1.68001	0.221423	
45.45	1.52526e+09	3.14159	1.74464	0.141479	
45.5003	1.52526e+09	3.14159	1.72825	0.195116	
45.55	1.52526e+09	3.14159	1.69291	0.14488	
45.6	1.52526e+09	3.14159	1.69467	0.148403	
45.65	1.52526e+09	3.14159	1.69616	0.143909	
45.7	1.52526e+09	3.14159	1.68553	0.149531	
45.75	1.52526e+09	3.14159	1.69706	0.147017	
45.8	1.52526e+09	3.14159	1.70128	0.149805	
45.85	1.52526e+09	3.14159	1.6994	0.14467	
45.9	1.52526e+09	3.14159	1.68247	0.184634	
45.95	1.52526e+09	3.14159	1.70988	0.149213	
46	1.52526e+09	3.14159	1.70991	0.155188	
46.05	1.52526e+09	3.14159	1.77274	0.185753	
46.1	1.52526e+09	3.14159	1.7445	0.160145	
46.15	1.52526e+09	3.14159	1.71642	0.149682	
46.2	1.52526e+09	3.14159	1.68126	0.145796	
46.25	1.52526e+09	3.14159	1.68	0.147054	
46.3	1.52526e+09	3.14159	1.69163	0.163454	
46.35	1.52526e+09	3.14159	1.67922	0.18613	
46.4	1.52526e+09	3.14159	1.68017	0.141879	
46.45	1.52526e+09	3.14159	1.72907	0.150336	
46.5	1.52526e+09	3.14159	1.70253	0.210191	
46.55	1.52526e+09	3.14159	1.69896	0.154296	
46.6	1.52526e+09	3.14159	1.68227	0.14679	
46.65	1.52526e+09	3.14159	1.67629	0.147764	
46.7	1.52526e+09	3.14159	1.68091	0.156161	
46.75	1.52526e+09	3.14159	1.72084	0.150263	
46.8	1.52526e+09	3.14159	1.68194	0.178154	
46.8501	1.52526e+09	3.14159	1.6829	0.167798	
46.9	1.52526e+09	3.14159	1.68883	0.160657	
46.95	1.52526e+09	3.14159	1.71677	0.217121	
47	1.52526e+09	3.14159	1.67848	0.149577	
47.05	1.52526e+09	3.14159	1.68191	0.150523	
47.1	1.52526e+09	3.14159	1.6846	0.148784	
47.15	1.52526e+09	3.14159	1.68756	0.151513	
47.2	1.52526e+09	3.14159	1.68307	0.160548	
47.25	1.52526e+09	3.14159	1.76809	0.151066	
47.3	1.52526e+09	3.14159	1.73	0.229597	
47.35	1.52526e+09	3.14159	1.75289	0.154255	
47.4	1.52526e+09	3.14159	1.70548	0.149609	
47.45	1.52526e+09	3.14159	1.73054	0.154581	
47.5	1.52526e+09	3.14159	1.67827	0.20002	
47.55	1.52526e+09	3.14159	1.68915	0.14792	
47.6	1.52526e+09	3.14159	1.70423	0.149852	
47.65	1.52526e+09	3.14159	1.68011	0.212328	
47.7	1.52526e+09	3.14159	1.68933	0.196251	
47.75	1.52526e+09	3.14159	1.69063	0.147436	
47.8	1.52526e+09	3.14159	1.6888	0.160612	
47.85	1.52526e+09	3.14159	1.67652	0.169069	
47.9	1.52526e+09	3.14159	1.67052	0.183567	
47.95	1.52526e+09	3.14159	1.67062	0.147421	
48	1.52526e+09	3.14159	1.67641	0.151644	
48.05	1.52526e+09	3.14159	1.71658	0.154523	
48.1	1.52526e+09	3.14159	1.70333	0.153827	
48.15	1.52526e+09	3.14159	1.80347	0.150681	
48.2	1.52526e+09	3.14159	1.69531	0.140753	
48.25	1.52526e+09	3.14159	1.68765	0.14942	
48.3001	1.52526e+09	3.14159	1.6756	0.140978	
48.35	1.52526e+09	3.14159	1.68948	0.155592	
48.4	1.52526e+09	3.14159	1.70332	0.157775	
48.45	1.52526e+09	3.14159	1.70844	0.148647	
48.5	1.52526e+09	3.14159	1.69258	0.149488	
48.55	1.52526e+09	3.14159	1.69183	0.147487	
48.6	1.52526e+09	3.14159	1.67284	0.149204	
48.65	1.52526e+09	3.14159	1.67851	0.157556	
48.7	1.52526e+09	3.14159	1.67342	0.15564	
48.75	1.52526e+09	3.14159	1.70234	0.144734	
48.8	1.52526e+09	3.14159	1.69679	0.150283	
48.85	1.52526e+09	3.14159	1.91283	0.143667	
48.9	1.52526e+09	3.14159	1.68444	0.148618	
48.95	1.52526e+09	3.14159	1.71002	0.151069	
49	1.52526e+09	3.14159	1.78013	0.241214	
49.05	1.52526e+09	3.14159	1.75596	0.15101	
49.1	1.52526e+09	3.14159	1.69307	0.197058	
49.15	1.52526e+09	3.14159	1.67959	0.144424	
49.2	1.52526e+09	3.14159	1.68194	0.155123	
49.25	1.52526e+09	3.14159	1.6939	0.162519	
49.3	1.52526e+09	3.14159	1.7205	0.151288	
49.35	1.52526e+09	3.14159	1.68724	0.182781	
49.4	1.52526e+09	3.14159	1.69373	0.147339	
49.45	1.52526e+09	3.14159	1.70576	0.153331	
49.5	1.52526e+09	3.14159	1.72897	0.170391	
49.55	1.52526e+09	3.14159	1.69167	0.257784	
49.6	1.52526e+09	3.14159	1.67839	0.144619	
49.65	1.52526e+09	3.14159	1.69475	0.150323	
49.7	1.52526e+09	3.14159	1.69813	0.15195	
49.75	1.52526e+09	3.14159	1.69819	0.151701	
49.8	1.52526e+09	3.14159	1.68799	0.150552	
49.85	1.52526e+09	3.14159	1.68028	0.14677	
49.9	1.52526e+09	3.14159	1.67232	0.147015	
49.95	1.52526e+09	3.14159	1.6763	0.150117	
50	1.52526e+09	3.14159	1.79841	0.160791	
50.05	1.52526e+09	3.14159	1.67763	0.171346	
50.1	1.52526e+09	3.14159	1.67953	0.145521	
50.15	1.52526e+09	3.14159	1.72101	0.150093	
50.2	1.52526e+09	3.14159	1.69262	0.160462	
50.25	1.52526e+09	3.14159	1.67348	0.150567	
50.3	1.52526e+09	3.14159	1.67391	0.164103	
50.35	1.52526e+09	3.14159	1.70553	0.151557	
50.4	1.52526e+09	3.14159	1.72315	0.152964	
50.45	1.52526e+09	3.14159	1.71401	0.150091	
50.5	1.52526e+09	3.14159	1.69026	0.15482	
50.55	1.52526e+09	3.14159	1.68243	0.141936	
50.6	1.52526e+09	3.14159	1.68134	0.155723	
50.65	1.52526e+09	3.14159	1.6864	0.148662	
50.7	1.52526e+09	3.14159	1.69132	0.144746	
50.75	1.52526e+09	3.14159	1.68893	0.154145	
50.8	1.52526e+09	3.14159	1.67763	0.14542	
50.85	1.52526e+09	3.14159	1.70547	0.147611	
50.9	1.52526e+09	3.14159	1.69001	0.146052	
50.95	1.52526e+09	3.14159	1.67427	0.150778	
51	1.52526e+09	3.14159	1.67791	0.149318	
51.05	1.52526e+09	3.14159	1.68393	0.170746	
51.1	1.52526e+09	3.14159	1.68452	0.149539	
51.15	1.52526e+09	3.14159	1.70012	0.14875	
51.2	1.52526e+09	3.14159	1.68793	0.164149	
51.25	1.52526e+09	3.14159	1.68477	0.152296	
51.3	1.52526e+09	3.14159	1.672	0.148049	
51.35	1.52526e+09	3.14159	1.68886	0.149212	
51.4	1.52526e+09	3.14159	1.69366	0.148204	
51.45	1.52526e+09	3.14159	1.72754	0.198153	
51.5001	1.52526e+09	3.14159	1.67153	0.173599	
51.55	1.52526e+09	3.14159	1.67541	0.155989	
51.6	1.52526e+09	3.14159	1.70521	0.155856	
51.65	1.52526e+09	3.14159	1.68016	0.154719	
51.7	1.52526e+09	3.14159	1.71572	0.15277	
51.75	1.52526e+09	3.14159	1.76983	0.14751	
51.8	1.52526e+09	3.14159	1.73143	0.139564	
51.85	1.52526e+09	3.14159	1.68469	0.147665	
51.9	1.52526e+09	3.14159	1.67744	0.149311	
51.95	1.52526e+09	3.14159	1.68665	0.14675	
52	1.52526e+09	3.14159	1.66256	0.148794	
52.05	1.52526e+09	3.14159	1.68753	0.162998	
52.1	1.52526e+09	3.14159	1.686	0.149912	
52.15	1.52526e+09	3.14159	1.67478	0.150599	
52.2	1.52526e+09	3.14159	1.69942	0.155491	
52.25	1.52526e+09	3.14159	1.6768	0.150594	
52.3	1.52526e+09	3.14159	1.69411	0.165647	
52.35	1.52526e+09	3.14159	1.69414	0.158799	
52.4	1.52526e+09	3.14159	1.69214	0.162317	
52.45	1.52526e+09	3.14159	1.72568	0.144315	
52.5	1.52526e+09	3.14159	1.74395	0.149256	
52.55	1.52526e+09	3.14159	1.68559	0.153824	
52.6	1.52526e+09	3.14159	1.67046	0.151719	
52.65	1.52526e+09	3.14159	1.68078	0.153431	
52.7	1.52526e+09	3.14159	1.68564	0.21072	
52.75	1.52526e+09	3.14159	1.69205	0.131334	
52.8	1.52526e+09	3.14159	1.69072	0.149703	
52.85	1.52526e+09	3.14159	1.71052	0.149646	
52.9	1.52526e+09	3.14159	1.77975	0.152361	
52.95	1.52526e+09	3.14159	1.77188	0.14723	
53	1.52526e+09	3.14159	1.70603	0.146484	
53.05	1.52526e+09	3.14159	1.67764	0.143731	
53.1	1.52526e+09	3.14159	1.67044	0.145922	
53.15	1.52526e+09	3.14159	1.68795	0.149569	
53.2	1.52526e+09	3.14159	1.69269	0.145727	
53.25	1.52526e+09	3.14159	1.66266	0.151128	
53.3	1.52526e+09	3.14159	1.67636	0.160144	
53.35	1.52526e+09	3.14159	1.69761	0.150803	
53.4	1.52526e+09	3.14159	1.68101	0.146377	
53.45	1.52526e+09	3.14159	1.82877	0.153313	
53.5	1.52526e+09	3.14159	1.67175	0.14634	
53.55	1.52526e+09	3.14159	1.68968	0.153613	
53.6	1.52526e+09	3.14159	1.69618	0.146424	
53.65	1.52526e+09	3.14159	1.68475	0.14966	
53.7	1.52526e+09	3.14159	1.70603	0.149302	
53.75	1.52526e+09	3.14159	1.69089	0.150279	
53.8	1.52526e+09	3.14159	1.69136	0.146055	
53.85	1.52526e+09	3.14159	1.7196	0.153127	
53.9	1.52526e+09	3.14159	1.70551	0.14694	
53.95	1.52526e+09	3.14159	1.72175	0.157723	
54.0001	1.52526e+09	3.14159	1.68518	0.149967	
54.05	1.52526e+09	3.14159	1.69485	0.153082	
54.1	1.52526e+09	3.14159	1.72289	0.152109	
54.15	1.52526e+09	3.14159	1.71119	0.1509	
54.2	1.52526e+09	3.14159	1.70457	0.148384	
54.25	1.52526e+09	3.14159	1.69012	0.224799	
54.3	1.52526e+09	3.14159	1.73522	0.149162	
54.35	1.52526e+09	3.14159	1.68567	0.145355	
54.4	1.52526e+09	3.14159	1.68693	0.152124	
54.45	1.52526e+09	3.14159	1.77771	0.146417	
54.5	1.52526e+09	3.14159	1.89472	0.149527	
54.55	1.52526e+09	3.14159	1.70704	0.148635	
54.6	1.52526e+09	3.14159	1.72619	0.152327	
54.65	1.52526e+09	3.14159	1.67874	0.157672	
54.7	1.52526e+09	3.14159	1.68803	0.154549	
54.75	1.52526e+09	3.14159	1.78246	0.150428	
54.8	1.52526e+09	3.14159	1.74864	0.152622	
54.85	1.52526e+09	3.14159	1.6997	0.146251	
54.9	1.52526e+09	3.14159	1.67886	0.152641	
54.95	1.52526e+09	3.14159	1.67901	0.147882	
55	1.52526e+09	3.14159	1.67831	0.149409	
55.05	1.52526e+09	3.14159	1.68605	0.147353	
55.1	1.52526e+09	3.14159	1.68825	0.149667	
55.1501	1.52526e+09	3.14159	1.69045	0.153478	
55.2	1.52526e+09	3.14159	1.67675	0.152893	
55.25	1.52526e+09	3.14159	1.67788	0.149107	
55.3	1.52526e+09	3.14159	1.69834	0.154454	
55.35	1.52526e+09	3.14159	1.68946	0.148022	
55.4	1.52526e+09	3.14159	1.67937	0.130669	
55.45	1.52526e+09	3.14159	1.71891	0.150588	
55.5	1.52526e+09	3.14159	1.69153	0.147875	
55.5501	1.52526e+09	3.14159	1.71751	0.148819	
55.6	1.52526e+09	3.14159	1.68917	0.150206	
55.65	1.52526e+09	3.14159	1.68322	0.158448	
55.7	1.52526e+09	3.14159	1.67832	0.178172	
55.75	1.52526e+09	3.14159	1.68138	0.154526	
55.8	1.52526e+09	3.14159	1.68412	0.152288	
55.85	1.52526e+09	3.14159	1.68245	0.151451	
55.9	1.52526e+09	3.14159	1.68531	0.171902	
55.95	1.52526e+09	3.14159	1.68469	0.150717	
56	1.52526e+09	3.14159	1.68165	0.150603	
56.05	1.52526e+09	3.14159	1.69241	0.151021	
56.1	1.52526e+09	3.14159	1.70978	0.152027	
56.15	1.52526e+09	3.14159	1.67459	0.156701	
56.2	1.52526e+09	3.14159	1.74274	0.158826	
56.25	1.52526e+09	3.14159	1.76252	0.17152	
56.3	1.52526e+09	3.14159	1.70753	0.147427	
56.35	1.52526e+09	3.14159	1.6835	0.15141	
56.4	1.52526e+09	3.14159	1.73402	0.150621	
56.45	1.52526e+09	3.14159	1.71387	0.153222	
56.5	1.52526e+09	3.14159	1.68044	0.146022	
56.55	1.52526e+09	3.14159	1.70952	0.151545	
56.6	1.52526e+09	3.14159	1.6966	0.226385	
56.65	1.52526e+09	3.14159	1.69316	0.158531	
56.7	1.52526e+09	3.14159	1.66954	0.146322	
56.75	1.52526e+09	3.14159	1.68654	0.157908	
56.8	1.52526e+09	3.14159	1.67496	0.159447	
56.85	1.52526e+09	3.14159	1.71453	0.208586	
56.9	1.52526e+09	3.14159	1.7632	0.152895	
56.95	1.52526e+09	3.14159	1.78412	0.149563	
57	1.52526e+09	3.14159	1.75127	0.146641	
57.05	1.52526e+09	3.14159	1.75236	0.15071	
57.1	1.52526e+09	3.14159	1.78271	0.14605	
57.15	1.52526e+09	3.14159	1.79948	0.152327	
57.2	1.52526e+09	3.14159	1.75738	0.145694	
57.25	1.52526e+09	3.14159	1.75222	0.152699	
57.3	1.52526e+09	3.14159	1.73957	0.152391	
57.35	1.52526e+09	3.14159	1.80667	0.171085	
57.4	1.52526e+09	3.14159	1.76198	0.145732	
57.45	1.52526e+09	3.14159	1.7812	0.150298	
57.5	1.52526e+09	3.14159	1.74644	0.147734	
57.55	1.52526e+09	3.14159	1.74978	0.150119	
57.6	1.52526e+09	3.14159	1.77798	0.146011	
57.6501	1.52526e+09	3.14159	1.7504	0.153529	
57.7	1.52526e+09	3.14159	1.73673	0.159904	
57.75	1.52526e+09	3.14159	1.76101	0.122012	
57.8	1.52526e+09	3.14159	1.75988	0.145967	
57.85	1.52526e+09	3.14159	1.76489	0.156708	
57.9	1.52526e+09	3.14159	1.71726	0.149221	
57.95	1.52526e+09	3.14159	1.74101	0.145017	
58	1.52526e+09	3.14159	1.73031	0.151292	
58.05	1.52526e+09	3.14159	1.76967	0.147144	
58.1	1.52526e+09	3.14159	1.73662	0.172416	
58.15	1.52526e+09	3.14159	1.75974	0.172807	
58.2	1.52526e+09	3.14159	1.72074	0.148753	
58.25	1.52526e+09	3.14159	1.73156	0.147286	
58.3	1.52526e+09	3.14159	1.73723	0.144691	
58.35	1.52526e+09	3.14159	1.74888	0.144623	
58.4	1.52526e+09	3.14159	1.72305	0.148417	
58.45	1.52526e+09	3.14159	1.7665	0.172076	
58.5	1.52526e+09	3.14159	1.75322	0.151856	
58.5501	1.52526e+09	3.14159	1.74795	0.144594	
58.6	1.52526e+09	3.14159	1.75348	0.149595	
58.65	1.52526e+09	3.14159	1.77125	0.157291	
58.7	1.52526e+09	3.14159	1.72237	0.14862	
58.75	1.52526e+09	3.14159	1.73147	0.150555	
58.8	1.52526e+09	3.14159	1.75104	0.148549	
58.85	1.52526e+09	3.14159	1.74629	0.166725	
58.9	1.52526e+09	3.14159	1.75326	0.148308	
58.95	1.52526e+09	3.14159	1.7369	0.151638	
59	1.52526e+09	3.14159	1.74888	0.149679	
59.05	1.52526e+09	3.14159	1.72472	0.151785	
59.1	1.52526e+09	3.14159	1.7561	0.149747	
59.15	1.52526e+09	3.14159	1.75131	0.150705	
59.2	1.52526e+09	3.14159	1.74583	0.148722	
59.25	1.52526e+09	3.14159	1.72499	0.133972	
59.3	1.52526e+09	3.14159	1.78636	0.270694	
59.35	1.52526e+09	3.14159	1.75518	0.149496	
59.4	1.52526e+09	3.14159	1.78111	0.148384	
59.4501	1.52526e+09	3.14159	1.83175	0.15141	
59.5	1.52526e+09	3.14159	1.82407	0.148785	
59.55	1.52526e+09	3.14159	1.78345	0.150551	
59.6	1.52526e+09	3.14159	1.745	0.209533	
59.65	1.52526e+09	3.14159	1.78633	0.150618	
59.7	1.52526e+09	3.14159	1.74331	0.148645	
59.75	1.52526e+09	3.14159	1.73448	0.149816	
59.8	1.52526e+09	3.14159	1.74264	0.14838	
59.85	1.52526e+09	3.14159	1.74058	0.142885	
59.9	1.52526e+09	3.14159	1.76468	0.146914	
59.95	1.52526e+09	3.14159	1.74724	0.155739	
