idx timestamp pi t2 t1+t3
0	1.52671e+09	3.14159	2.87262	0.255006	
0.0166627	1.52671e+09	3.14159	5.045	0.137031	
0.0330163	1.52671e+09	3.14159	6.73418	0.148576	
0.0504115	1.52671e+09	3.14159	8.60045	0.13316	
0.0664397	1.52671e+09	3.14159	10.6655	0.139404	
0.0834442	1.52671e+09	3.14159	12.0523	0.129549	
0.0996838	1.52671e+09	3.14159	13.9202	0.171431	
0.116347	1.52671e+09	3.14159	15.5302	0.230677	
0.133563	1.52671e+09	3.14159	17.455	0.139633	
0.149737	1.52671e+09	3.14159	19.1732	0.133571	
0.166351	1.52671e+09	3.14159	21.2422	0.148438	
0.183014	1.52671e+09	3.14159	22.9422	0.139904	
0.199677	1.52671e+09	3.14159	24.4082	0.125299	
0.216356	1.52671e+09	3.14159	26.2943	0.136507	
0.233019	1.52671e+09	3.14159	28.1361	0.147831	
0.249698	1.52671e+09	3.14159	30.3705	0.138993	
0.266377	1.52671e+09	3.14159	32.2108	0.24429	
0.283625	1.52671e+09	3.14159	33.75	0.149505	
0.299914	1.52671e+09	3.14159	35.3447	0.123961	
0.316382	1.52671e+09	3.14159	37.4499	0.4496	
0.333028	1.52671e+09	3.14159	39.2505	0.243903	
0.349691	1.52671e+09	3.14159	41.8487	0.137565	
0.36637	1.52671e+09	3.14159	43.1241	0.313658	
0.383472	1.52671e+09	3.14159	44.762	0.267311	
0.399679	1.52671e+09	3.14159	46.7195	0.189007	
0.416765	1.52671e+09	3.14159	48.2961	0.14624	
0.433037	1.52671e+09	3.14159	51.4747	0.13087	
0.449717	1.52671e+09	3.14159	52.2488	0.150713	
0.466461	1.52671e+09	3.14159	53.762	0.16594	
0.483026	1.52671e+09	3.14159	55.7266	0.152394	
0.499933	1.52671e+09	3.14159	57.2127	0.152452	
0.518727	1.52671e+09	3.14159	59.3128	0.101224	
0.53539	1.52671e+09	3.14159	61.3071	0.10863	
0.550605	1.52671e+09	3.14159	62.9145	0.137663	
0.566372	1.52671e+09	3.14159	64.5709	0.159968	
0.583361	1.52671e+09	3.14159	66.4078	0.168319	
0.600886	1.52671e+09	3.14159	70.3501	0.144758	
0.61667	1.52671e+09	3.14159	76.1924	0.172443	
0.63304	1.52671e+09	3.14159	72.2643	0.154689	
0.649784	1.52671e+09	3.14159	73.798	0.134428	
0.666431	1.52671e+09	3.14159	75.7839	0.242029	
0.683207	1.52671e+09	3.14159	77.5122	0.169574	
0.699675	1.52671e+09	3.14159	79.1789	0.141932	
0.716777	1.52671e+09	3.14159	81.6974	0.166613	
0.733034	1.52671e+09	3.14159	83.498	0.147465	
0.749908	1.52671e+09	3.14159	84.4729	0.175709	
0.766359	1.52671e+09	3.14159	86.8261	0.145026	
0.783331	1.52671e+09	3.14159	90.8558	0.326183	
0.800222	1.52671e+09	3.14159	91.1499	0.19288	
0.816901	1.52671e+09	3.14159	98.0231	0.247346	
0.833987	1.52671e+09	3.14159	94.2051	0.198945	
0.849754	1.52671e+09	3.14159	95.9801	0.152714	
0.866368	1.52671e+09	3.14159	97.5843	0.155937	
0.883389	1.52671e+09	3.14159	99.7624	0.163445	
0.899694	1.52671e+09	3.14159	101.486	0.260784	
0.916373	1.52671e+09	3.14159	103.174	0.291629	
0.933019	1.52671e+09	3.14159	105.423	0.366338	
0.949699	1.52671e+09	3.14159	106.687	0.281559	
0.966817	1.52671e+09	3.14159	109.05	0.287039	
0.98304	1.52671e+09	3.14159	111.413	0.235903	
1.00101	1.52671e+09	3.14159	113.209	0.155972	
1.017	1.52671e+09	3.14159	113.859	0.149008	
1.03374	1.52671e+09	3.14159	115.985	0.153013	
1.05078	1.52671e+09	3.14159	118.173	0.135341	
1.06777	1.52671e+09	3.14159	120.237	0.163872	
1.08365	1.52671e+09	3.14159	121.217	0.142977	
1.10339	1.52671e+09	3.14159	123.579	0.123648	
1.1169	1.52671e+09	3.14159	125.252	0.16593	
1.13387	1.52671e+09	3.14159	127.275	0.186121	
1.15089	1.52671e+09	3.14159	129.076	0.195856	
1.16638	1.52671e+09	3.14159	130.48	0.192622	
1.18343	1.52671e+09	3.14159	133.302	0.199551	
1.20021	1.52671e+09	3.14159	134.469	0.160289	
1.21666	1.52671e+09	3.14159	136.114	0.178193	
1.23334	1.52671e+09	3.14159	137.962	0.169661	
1.25249	1.52671e+09	3.14159	140.242	0.204134	
1.2668	1.52671e+09	3.14159	141.635	0.201963	
1.28457	1.52671e+09	3.14159	147.26	0.176839	
1.2997	1.52671e+09	3.14159	145.345	0.177476	
1.31636	1.52671e+09	3.14159	148.173	0.178668	
1.33351	1.52671e+09	3.14159	149.174	0.15918	
1.35016	1.52671e+09	3.14159	150.79	0.149027	
1.36684	1.52671e+09	3.14159	152.937	0.18318	
1.38313	1.52671e+09	3.14159	165.392	0.167686	
1.4008	1.52671e+09	3.14159	161.311	0.162738	
1.41671	1.52671e+09	3.14159	158.835	0.175505	
1.43347	1.52671e+09	3.14159	160.699	0.195667	
1.44994	1.52671e+09	3.14159	162.228	0.177728	
1.46646	1.52671e+09	3.14159	163.763	0.207234	
1.48323	1.52671e+09	3.14159	165.645	0.149782	
1.49972	1.52671e+09	3.14159	167.555	0.178989	
1.51636	1.52671e+09	3.14159	169.526	0.166603	
1.53312	1.52671e+09	3.14159	171.817	0.175308	
1.54979	1.52671e+09	3.14159	173.457	0.163934	
1.56637	1.52671e+09	3.14159	174.263	0.175996	
1.58303	1.52671e+09	3.14159	176.502	0.206762	
1.59969	1.52671e+09	3.14159	179.876	0.179236	
1.61709	1.52671e+09	3.14159	180.098	0.18958	
1.63359	1.52671e+09	3.14159	182.059	0.171314	
1.65097	1.52671e+09	3.14159	189.985	0.171933	
1.66638	1.52671e+09	3.14159	186.445	0.192346	
1.68302	1.52671e+09	3.14159	192.214	0.185182	
1.70011	1.52671e+09	3.14159	188.994	0.190388	
1.71637	1.52671e+09	3.14159	191.374	0.197235	
1.73322	1.52671e+09	3.14159	194.691	0.17862	
1.74989	1.52671e+09	3.14159	194.546	0.163653	
1.76637	1.52671e+09	3.14159	196.615	0.197096	
1.78303	1.52671e+09	3.14159	204.753	0.209918	
1.79978	1.52671e+09	3.14159	200.636	0.180223	
1.81639	1.52671e+09	3.14159	201.843	0.141093	
1.83304	1.52671e+09	3.14159	206.28	0.191494	
1.85001	1.52671e+09	3.14159	205.497	0.190237	
1.86758	1.52671e+09	3.14159	208.086	0.184688	
1.88368	1.52671e+09	3.14159	209.995	0.167398	
1.89971	1.52671e+09	3.14159	212.142	0.201132	
1.91637	1.52671e+09	3.14159	213.555	0.171471	
1.93303	1.52671e+09	3.14159	214.856	0.286201	
1.95054	1.52671e+09	3.14159	223.597	0.143144	
1.96655	1.52671e+09	3.14159	218.664	0.174251	
1.98375	1.52671e+09	3.14159	221.023	0.209126	
1.9997	1.52671e+09	3.14159	222.25	0.194343	
2.01636	1.52671e+09	3.14159	229.52	0.196946	
2.03335	1.52671e+09	3.14159	226.394	0.174016	
2.04972	1.52671e+09	3.14159	227.756	0.187197	
2.06643	1.52671e+09	3.14159	230.404	0.17459	
2.08358	1.52671e+09	3.14159	231.504	0.21132	
2.10046	1.52671e+09	3.14159	236.339	0.182573	
2.11683	1.52671e+09	3.14159	235.222	0.189337	
2.13303	1.52671e+09	3.14159	237.405	0.181042	
2.1497	1.52671e+09	3.14159	239.084	0.185633	
2.16636	1.52671e+09	3.14159	241.76	0.177156	
2.18315	1.52671e+09	3.14159	243.213	0.189082	
2.1997	1.52671e+09	3.14159	244.284	0.182535	
2.21636	1.52671e+09	3.14159	246.116	0.181099	
2.23312	1.52671e+09	3.14159	247.555	0.166713	
2.25028	1.52671e+09	3.14159	249.589	0.157883	
2.2665	1.52671e+09	3.14159	253.257	0.181104	
2.28328	1.52671e+09	3.14159	254.541	0.186029	
2.29973	1.52671e+09	3.14159	255.306	0.203771	
2.31776	1.52671e+09	3.14159	257.302	0.19089	
2.33339	1.52671e+09	3.14159	258.798	0.187074	
2.34978	1.52671e+09	3.14159	265.439	0.225422	
2.36638	1.52671e+09	3.14159	264.128	0.195051	
2.38302	1.52671e+09	3.14159	264.381	0.214511	
2.3997	1.52671e+09	3.14159	267.867	0.186452	
2.41637	1.52671e+09	3.14159	269.565	0.290307	
2.43308	1.52671e+09	3.14159	269.701	0.201929	
2.44969	1.52671e+09	3.14159	278.088	0.225516	
2.4666	1.52671e+09	3.14159	274.531	0.182422	
2.48313	1.52671e+09	3.14159	275.821	0.17245	
2.5003	1.52671e+09	3.14159	278.127	0.190952	
2.51644	1.52671e+09	3.14159	279.887	0.204293	
2.53338	1.52671e+09	3.14159	281.1	0.231853	
2.5503	1.52671e+09	3.14159	282.354	0.167856	
2.56643	1.52671e+09	3.14159	285.011	0.166019	
2.58303	1.52671e+09	3.14159	294.377	0.204036	
2.60015	1.52671e+09	3.14159	289.624	0.229792	
2.61673	1.52671e+09	3.14159	292.673	0.157538	
2.63303	1.52671e+09	3.14159	293.867	0.189096	
2.64969	1.52671e+09	3.14159	293.717	0.184616	
2.66657	1.52671e+09	3.14159	300.12	0.160245	
2.68304	1.52671e+09	3.14159	297.705	0.186973	
2.6997	1.52671e+09	3.14159	301.606	0.190485	
2.71652	1.52671e+09	3.14159	301.74	0.227258	
2.73338	1.52671e+09	3.14159	303.154	0.198372	
2.74975	1.52671e+09	3.14159	306.554	0.284232	
2.7671	1.52671e+09	3.14159	306.802	0.192953	
2.7843	1.52671e+09	3.14159	310.064	0.218115	
2.80012	1.52671e+09	3.14159	314.444	0.212645	
2.81649	1.52671e+09	3.14159	317.224	0.183928	
2.83303	1.52671e+09	3.14159	318.846	0.231135	
2.84979	1.52671e+09	3.14159	319.139	0.185306	
2.86636	1.52671e+09	3.14159	328.371	0.193576	
2.88345	1.52671e+09	3.14159	324.142	0.203758	
2.8997	1.52671e+09	3.14159	326.271	0.224361	
2.91687	1.52671e+09	3.14159	327.777	0.208434	
2.93314	1.52671e+09	3.14159	328.742	0.20052	
2.95034	1.52671e+09	3.14159	331.573	0.208957	
2.96658	1.52671e+09	3.14159	331.141	0.210308	
2.98329	1.52671e+09	3.14159	340.708	0.21518	
2.99969	1.52671e+09	3.14159	338.476	0.218504	
3.01652	1.52671e+09	3.14159	347.032	0.23182	
3.03304	1.52671e+09	3.14159	343.3	0.252932	
3.0497	1.52671e+09	3.14159	369.821	0.254258	
3.06636	1.52671e+09	3.14159	343.392	0.168769	
3.08337	1.52671e+09	3.14159	345.682	0.236419	
3.10027	1.52671e+09	3.14159	351.162	0.242182	
3.11643	1.52671e+09	3.14159	359.456	0.173097	
3.13303	1.52671e+09	3.14159	358.13	0.205348	
3.14979	1.52671e+09	3.14159	359.568	0.219706	
3.16637	1.52671e+09	3.14159	358.393	0.277439	
3.18326	1.52671e+09	3.14159	359.785	0.225547	
3.20036	1.52671e+09	3.14159	373.347	0.183494	
3.21636	1.52671e+09	3.14159	378.33	0.233207	
3.23304	1.52671e+09	3.14159	370.587	0.210939	
3.24972	1.52671e+09	3.14159	375.941	0.174185	
3.26645	1.52671e+09	3.14159	373.384	0.242623	
3.28314	1.52671e+09	3.14159	375.219	0.194881	
3.29971	1.52671e+09	3.14159	375.565	0.197357	
3.31656	1.52671e+09	3.14159	387.856	0.212789	
3.33355	1.52671e+09	3.14159	383.012	0.224555	
3.3502	1.52671e+09	3.14159	386.278	0.228674	
3.36637	1.52671e+09	3.14159	387.668	0.229515	
3.38336	1.52671e+09	3.14159	385.142	0.166201	
3.39976	1.52671e+09	3.14159	388.567	0.236642	
3.41636	1.52671e+09	3.14159	388.797	0.226502	
3.43302	1.52671e+09	3.14159	395.335	0.217653	
3.45018	1.52671e+09	3.14159	394.073	0.258595	
3.46682	1.52671e+09	3.14159	395.997	0.252709	
3.48313	1.52671e+09	3.14159	395.476	0.234791	
3.49969	1.52671e+09	3.14159	396.73	0.260627	
3.5167	1.52671e+09	3.14159	401.266	0.264486	
3.53318	1.52671e+09	3.14159	399.028	0.27879	
3.55058	1.52671e+09	3.14159	399.523	0.225964	
3.56698	1.52671e+09	3.14159	401.519	0.25749	
3.58418	1.52671e+09	3.14159	403.11	0.248556	
3.59969	1.52671e+09	3.14159	403.428	0.258883	
3.6164	1.52671e+09	3.14159	404.935	0.273181	
3.63303	1.52671e+09	3.14159	405.663	0.287734	
3.64971	1.52671e+09	3.14159	413.22	0.265284	
3.66637	1.52671e+09	3.14159	413.192	0.166527	
3.68318	1.52671e+09	3.14159	412.81	0.211496	
3.69969	1.52671e+09	3.14159	411.494	0.187371	
3.71636	1.52671e+09	3.14159	416.644	0.269288	
3.73341	1.52671e+09	3.14159	417.19	0.231903	
3.7497	1.52671e+09	3.14159	416.643	0.248905	
3.76644	1.52671e+09	3.14159	426.3	0.255768	
3.78449	1.52671e+09	3.14159	418.557	0.285793	
3.8013	1.52671e+09	3.14159	422.035	0.287318	
3.81686	1.52671e+09	3.14159	420.596	0.258502	
3.83392	1.52671e+09	3.14159	421.071	0.231302	
3.84974	1.52671e+09	3.14159	421.849	0.266423	
3.86676	1.52671e+09	3.14159	423.145	0.256047	
3.8831	1.52671e+09	3.14159	436.885	0.262263	
3.89992	1.52671e+09	3.14159	424.951	0.19522	
3.91636	1.52671e+09	3.14159	432.877	0.228262	
3.93322	1.52671e+09	3.14159	431.27	0.275439	
3.94995	1.52671e+09	3.14159	431.231	0.254745	
3.96636	1.52671e+09	3.14159	432.327	0.227025	
3.98303	1.52671e+09	3.14159	443.038	0.244843	
3.9999	1.52671e+09	3.14159	436.351	0.204217	
4.01661	1.52671e+09	3.14159	435.639	0.270868	
4.03344	1.52671e+09	3.14159	438.347	0.272205	
4.0508	1.52671e+09	3.14159	446.263	0.193494	
4.06717	1.52671e+09	3.14159	449.203	0.19552	
4.08413	1.52671e+09	3.14159	442.678	0.306197	
4.10012	1.52671e+09	3.14159	442.413	0.225523	
4.11682	1.52671e+09	3.14159	441.56	0.181911	
4.13338	1.52671e+09	3.14159	443.465	0.330733	
4.1497	1.52671e+09	3.14159	443.82	0.271575	
4.16637	1.52671e+09	3.14159	458.892	0.186169	
4.18303	1.52671e+09	3.14159	449.782	0.326183	
4.19984	1.52671e+09	3.14159	451.345	0.25936	
4.21637	1.52671e+09	3.14159	449.344	0.209213	
4.23302	1.52671e+09	3.14159	449.022	0.304049	
4.2497	1.52671e+09	3.14159	454.245	0.280327	
4.26647	1.52671e+09	3.14159	453.456	0.154933	
4.28304	1.52671e+09	3.14159	452.439	0.316492	
4.2997	1.52671e+09	3.14159	451.994	0.252268	
4.31636	1.52671e+09	3.14159	452.381	0.215133	
4.33303	1.52671e+09	3.14159	459.992	0.273704	
4.34971	1.52671e+09	3.14159	454.952	0.25177	
4.36637	1.52671e+09	3.14159	456.137	0.256723	
4.38321	1.52671e+09	3.14159	455.869	0.272942	
4.39981	1.52671e+09	3.14159	456.691	0.279664	
4.41663	1.52671e+09	3.14159	456.488	0.269677	
4.43322	1.52671e+09	3.14159	457.33	0.21279	
4.45004	1.52671e+09	3.14159	457.593	0.257082	
4.46636	1.52671e+09	3.14159	457.701	0.301584	
4.48333	1.52671e+09	3.14159	460.953	0.232369	
4.50005	1.52671e+09	3.14159	460.26	0.23158	
4.5169	1.52671e+09	3.14159	468.533	0.230134	
4.53344	1.52671e+09	3.14159	469.147	0.256342	
4.55108	1.52671e+09	3.14159	468.225	0.310001	
4.56684	1.52671e+09	3.14159	467.729	0.317137	
4.58343	1.52671e+09	3.14159	467.965	0.236089	
4.60033	1.52671e+09	3.14159	467.83	0.259682	
4.61701	1.52671e+09	3.14159	471.821	0.267745	
4.63346	1.52671e+09	3.14159	471.073	0.264794	
4.64991	1.52671e+09	3.14159	473.471	0.273158	
4.66658	1.52671e+09	3.14159	477.688	0.271968	
4.68352	1.52671e+09	3.14159	476.428	0.290945	
4.70005	1.52671e+09	3.14159	476.633	0.344166	
4.71731	1.52671e+09	3.14159	482.531	0.26516	
4.73433	1.52671e+09	3.14159	476.798	0.243598	
4.75101	1.52671e+09	3.14159	477.938	0.266623	
4.76659	1.52671e+09	3.14159	477.639	0.357799	
4.78392	1.52671e+09	3.14159	479.864	0.302797	
4.80056	1.52671e+09	3.14159	479.125	0.274053	
4.81703	1.52671e+09	3.14159	484.818	0.219661	
4.8346	1.52671e+09	3.14159	485.772	0.273123	
4.85071	1.52671e+09	3.14159	482.562	0.330274	
4.86699	1.52671e+09	3.14159	484.203	0.234788	
4.8836	1.52671e+09	3.14159	481.277	0.26479	
4.90038	1.52671e+09	3.14159	482.619	0.24424	
4.9172	1.52671e+09	3.14159	482.557	0.247396	
4.93357	1.52671e+09	3.14159	483.006	0.279108	
4.95097	1.52671e+09	3.14159	498.439	0.28983	
4.96799	1.52671e+09	3.14159	485.69	0.295178	
4.98424	1.52671e+09	3.14159	485.525	0.25134	
4.99985	1.52671e+09	3.14159	489.343	0.244864	
5.0171	1.52671e+09	3.14159	486.2	0.289886	
5.03391	1.52671e+09	3.14159	486.365	0.314048	
5.05063	1.52671e+09	3.14159	489.845	0.303994	
5.06748	1.52671e+09	3.14159	490.546	0.330507	
5.08435	1.52671e+09	3.14159	489.089	0.311145	
5.09984	1.52671e+09	3.14159	487.815	0.368654	
5.11706	1.52671e+09	3.14159	489.785	0.273169	
5.13313	1.52671e+09	3.14159	489.519	0.288655	
5.15042	1.52671e+09	3.14159	490.797	0.236789	
5.16664	1.52671e+09	3.14159	490.054	0.291311	
5.18364	1.52671e+09	3.14159	490.756	0.262992	
5.20039	1.52671e+09	3.14159	490.405	0.264342	
5.21788	1.52671e+09	3.14159	491.359	0.304708	
5.23308	1.52671e+09	3.14159	492.748	0.277127	
5.25067	1.52671e+09	3.14159	491.674	0.259635	
5.26683	1.52671e+09	3.14159	491.406	0.247167	
5.2845	1.52671e+09	3.14159	501.7	0.265712	
5.29999	1.52671e+09	3.14159	495.118	0.292728	
5.31722	1.52671e+09	3.14159	500.065	0.300089	
5.33338	1.52671e+09	3.14159	498.962	0.262532	
5.35022	1.52671e+09	3.14159	497.858	0.304307	
5.36671	1.52671e+09	3.14159	509.053	0.257057	
5.38326	1.52671e+09	3.14159	497.021	0.3429	
5.40055	1.52671e+09	3.14159	497.469	0.243133	
5.41668	1.52671e+09	3.14159	498.543	0.231845	
5.43321	1.52671e+09	3.14159	499.855	0.215373	
5.45026	1.52671e+09	3.14159	499.234	0.267555	
5.46823	1.52671e+09	3.14159	498.759	0.246984	
5.48406	1.52671e+09	3.14159	499.079	0.318024	
5.50004	1.52671e+09	3.14159	498.986	0.166589	
5.5167	1.52671e+09	3.14159	500.153	0.367589	
5.53394	1.52671e+09	3.14159	501.004	0.303285	
5.55005	1.52671e+09	3.14159	500.467	0.261405	
5.56814	1.52671e+09	3.14159	501.153	0.329859	
5.58345	1.52671e+09	3.14159	504.482	0.336411	
5.60026	1.52671e+09	3.14159	503.327	0.313334	
5.61694	1.52671e+09	3.14159	502.454	0.256966	
5.63408	1.52671e+09	3.14159	505.874	0.331507	
5.64983	1.52671e+09	3.14159	502.619	0.26303	
5.66796	1.52671e+09	3.14159	502.877	0.320816	
5.68415	1.52671e+09	3.14159	503.155	0.268722	
5.70008	1.52671e+09	3.14159	504.259	0.305602	
5.7168	1.52671e+09	3.14159	503.507	0.321608	
5.73435	1.52671e+09	3.14159	502.897	0.2989	
5.74992	1.52671e+09	3.14159	504.512	0.279109	
5.76656	1.52671e+09	3.14159	509.948	0.243804	
5.78427	1.52671e+09	3.14159	507.993	0.313691	
5.80152	1.52671e+09	3.14159	505.711	0.357594	
5.81663	1.52671e+09	3.14159	507.095	0.335786	
5.83411	1.52671e+09	3.14159	506.432	0.214506	
5.84999	1.52671e+09	3.14159	505.952	0.255621	
5.86776	1.52671e+09	3.14159	507.945	0.272931	
5.8839	1.52671e+09	3.14159	506.51	0.343731	
5.90001	1.52671e+09	3.14159	506.86	0.336449	
5.91673	1.52671e+09	3.14159	507.64	0.300638	
5.93355	1.52671e+09	3.14159	511.656	0.26126	
5.95114	1.52671e+09	3.14159	510.498	0.339999	
5.96741	1.52671e+09	3.14159	509.987	0.311311	
5.98352	1.52671e+09	3.14159	508.733	0.33454	
6.00097	1.52671e+09	3.14159	510.399	0.336092	
6.01792	1.52671e+09	3.14159	509.229	0.266121	
6.03459	1.52671e+09	3.14159	510.875	0.265682	
6.05118	1.52671e+09	3.14159	509.26	0.369564	
6.06796	1.52671e+09	3.14159	509.092	0.355159	
6.08329	1.52671e+09	3.14159	509.316	0.295331	
6.09993	1.52671e+09	3.14159	511.375	0.203769	
6.11676	1.52671e+09	3.14159	508.733	0.293299	
6.13448	1.52671e+09	3.14159	511.793	0.327312	
6.15095	1.52671e+09	3.14159	508.904	0.386929	
6.1675	1.52671e+09	3.14159	510.535	0.461011	
6.18549	1.52671e+09	3.14159	509.218	0.274232	
6.20099	1.52671e+09	3.14159	509.704	0.211562	
6.21723	1.52671e+09	3.14159	511.588	0.356232	
6.23356	1.52671e+09	3.14159	509.616	0.302663	
6.25089	1.52671e+09	3.14159	513.666	0.344873	
6.26721	1.52671e+09	3.14159	509.575	0.360603	
6.2837	1.52671e+09	3.14159	511.17	0.318893	
6.29979	1.52671e+09	3.14159	512.366	0.330376	
6.31736	1.52671e+09	3.14159	511.788	0.322402	
6.33481	1.52671e+09	3.14159	511.641	0.25136	
6.35045	1.52671e+09	3.14159	510.926	0.258888	
6.36664	1.52671e+09	3.14159	518.357	0.230929	
6.38325	1.52671e+09	3.14159	512.677	0.310728	
6.40096	1.52671e+09	3.14159	511.263	0.277069	
6.41689	1.52671e+09	3.14159	511.334	0.253208	
6.43353	1.52671e+09	3.14159	512.253	0.330009	
6.45111	1.52671e+09	3.14159	511.886	0.335251	
6.4671	1.52671e+09	3.14159	510.73	0.327095	
6.48355	1.52671e+09	3.14159	513.775	0.325689	
6.49989	1.52671e+09	3.14159	511.463	0.319423	
6.5166	1.52671e+09	3.14159	512.206	0.363458	
6.53387	1.52671e+09	3.14159	511.886	0.3058	
6.55113	1.52671e+09	3.14159	513.853	0.297212	
6.56651	1.52671e+09	3.14159	512.739	0.238371	
6.5839	1.52671e+09	3.14159	513.888	0.300221	
6.60084	1.52671e+09	3.14159	512.828	0.261274	
6.61707	1.52671e+09	3.14159	524.585	0.289569	
6.63381	1.52671e+09	3.14159	511.453	0.308793	
6.65039	1.52671e+09	3.14159	516.441	0.377746	
6.66696	1.52671e+09	3.14159	515.139	0.386796	
6.68349	1.52671e+09	3.14159	514.317	0.57937	
6.70007	1.52671e+09	3.14159	513.816	0.418574	
6.71657	1.52671e+09	3.14159	518.703	0.413794	
6.73356	1.52671e+09	3.14159	518.15	0.375399	
6.75021	1.52671e+09	3.14159	517.216	0.322241	
6.78334	1.52671e+09	3.14159	525.519	0.527287	
6.79979	1.52671e+09	3.14159	515.668	0.409195	
6.91669	1.52671e+09	3.14159	509.993	0.5353	
6.95005	1.52671e+09	3.14159	509.735	0.371108	
6.9837	1.52671e+09	3.14159	527.566	0.315975	
7.11754	1.52671e+09	3.14159	517.26	0.273647	
7.1349	1.52671e+09	3.14159	515.935	0.260224	
7.15181	1.52671e+09	3.14159	519.301	0.232981	
7.16694	1.52671e+09	3.14159	514.334	0.249853	
7.1838	1.52671e+09	3.14159	513.723	0.205473	
7.25003	1.52671e+09	3.14159	529.92	0.270863	
7.26682	1.52671e+09	3.14159	517.539	0.30102	
7.3501	1.52671e+09	3.14159	519.554	2.24352	
7.41665	1.52671e+09	3.14159	532.821	0.371485	
7.50046	1.52671e+09	3.14159	518.655	0.26761	
7.51717	1.52671e+09	3.14159	517.229	0.250695	
7.53414	1.52671e+09	3.14159	519.683	0.214637	
7.55031	1.52671e+09	3.14159	517.727	0.202785	
7.56691	1.52671e+09	3.14159	517.8	0.17866	
7.71756	1.52671e+09	3.14159	509.096	3.04838	
7.78343	1.52671e+09	3.14159	508.899	0.283452	
7.80091	1.52671e+09	3.14159	508.595	0.264677	
7.81752	1.52671e+09	3.14159	512.16	0.357743	
7.8334	1.52671e+09	3.14159	511.881	0.318638	
7.85187	1.52671e+09	3.14159	512.728	0.358441	
7.96667	1.52671e+09	3.14159	506.496	3.63317	
8.03376	1.52671e+09	3.14159	517.648	0.39898	
8.04997	1.52671e+09	3.14159	504.446	0.224375	
8.10092	1.52671e+09	3.14159	515.763	0.306344	
8.11672	1.52671e+09	3.14159	519.516	0.538934	
8.13524	1.52671e+09	3.14159	513.085	0.372633	
8.15001	1.52671e+09	3.14159	511.467	0.228688	
8.16687	1.52671e+09	3.14159	510.832	0.171982	
8.2998	1.52671e+09	3.14159	501.371	2.70178	
8.36656	1.52671e+09	3.14159	501.809	0.314863	
8.38378	1.52671e+09	3.14159	501.37	0.289717	
8.39992	1.52671e+09	3.14159	502.438	0.295456	
8.41792	1.52671e+09	3.14159	502.748	0.286979	
8.45004	1.52671e+09	3.14159	508.858	0.291255	
8.5505	1.52671e+09	3.14159	499.224	0.28556	
8.56661	1.52671e+09	3.14159	498.429	0.284083	
8.58352	1.52671e+09	3.14159	498.935	0.336323	
8.60027	1.52671e+09	3.14159	502.098	0.332608	
8.63403	1.52671e+09	3.14159	502.253	0.294885	
8.70125	1.52671e+09	3.14159	500.804	0.320663	
8.71712	1.52671e+09	3.14159	498.914	0.336843	
8.73367	1.52671e+09	3.14159	499.425	0.295076	
8.75005	1.52671e+09	3.14159	498.811	0.268417	
8.76671	1.52671e+09	3.14159	497.898	0.767011	
8.85066	1.52671e+09	3.14159	502.66	0.469282	
8.86669	1.52671e+09	3.14159	504	0.469425	
8.88461	1.52671e+09	3.14159	505.436	0.371464	
9.00061	1.52671e+09	3.14159	502.826	0.450766	
9.01688	1.52671e+09	3.14159	502.304	0.312286	
9.03382	1.52671e+09	3.14159	500.433	0.312953	
9.05019	1.52671e+09	3.14159	499.511	0.305769	
9.06738	1.52671e+09	3.14159	498.914	0.250768	
9.13385	1.52671e+09	3.14159	497.743	0.180159	
9.20125	1.52671e+09	3.14159	500.362	0.320759	
9.25088	1.52671e+09	3.14159	499.636	0.320173	
9.26741	1.52671e+09	3.14159	500.054	0.423313	
9.28416	1.52671e+09	3.14159	499.807	0.365215	
9.29992	1.52671e+09	3.14159	504.698	0.360585	
9.3167	1.52671e+09	3.14159	511.689	0.314905	
9.33414	1.52671e+09	3.14159	505.05	0.25967	
9.35061	1.52671e+09	3.14159	508.785	0.268214	
9.36732	1.52671e+09	3.14159	505.211	0.661137	
9.3833	1.52671e+09	3.14159	512.26	0.355984	
9.51706	1.52671e+09	3.14159	501.327	0.432604	
9.53338	1.52671e+09	3.14159	500.098	0.406147	
9.55035	1.52671e+09	3.14159	499.786	0.321041	
9.56796	1.52671e+09	3.14159	500.286	0.31279	
9.58415	1.52671e+09	3.14159	499.048	0.262127	
9.63354	1.52671e+09	3.14159	497.279	1.19238	
9.66675	1.52671e+09	3.14159	501.212	2.10735	
9.71659	1.52671e+09	3.14159	496.395	0.401333	
9.81681	1.52671e+09	3.14159	504.471	0.253206	
9.83434	1.52671e+09	3.14159	494.595	0.222036	
9.85014	1.52671e+09	3.14159	493.522	0.25023	
9.86687	1.52671e+09	3.14159	496.634	0.221669	
9.88376	1.52671e+09	3.14159	499.519	0.215312	
9.90013	1.52671e+09	3.14159	533.833	0.351564	
9.91681	1.52671e+09	3.14159	496.733	0.346739	
10.0185	1.52671e+09	3.14159	493.323	0.412809	
10.0331	1.52671e+09	3.14159	492.964	0.440973	
10.0511	1.52671e+09	3.14159	493.331	0.408501	
10.0667	1.52671e+09	3.14159	501.058	0.444863	
10.0837	1.52671e+09	3.14159	498.72	0.398281	
10.1002	1.52671e+09	3.14159	497.863	0.592345	
10.1171	1.52671e+09	3.14159	496.426	0.401922	
10.1333	1.52671e+09	3.14159	495.215	0.378257	
10.1507	1.52671e+09	3.14159	494.287	0.337672	
10.1666	1.52671e+09	3.14159	494.122	0.342924	
10.2672	1.52671e+09	3.14159	497.269	0.329694	
10.2835	1.52671e+09	3.14159	495.962	0.338852	
10.3001	1.52671e+09	3.14159	503.011	0.420582	
10.3168	1.52671e+09	3.14159	497.572	0.310592	
10.3334	1.52671e+09	3.14159	495.844	0.27399	
10.3511	1.52671e+09	3.14159	495.385	0.249414	
10.3673	1.52671e+09	3.14159	495.07	0.385847	
10.3839	1.52671e+09	3.14159	499.167	0.423769	
10.4011	1.52671e+09	3.14159	500.591	0.377406	
10.4171	1.52671e+09	3.14159	500.488	0.941359	
10.4333	1.52671e+09	3.14159	498.604	0.560191	
10.4504	1.52671e+09	3.14159	504.091	0.301352	
10.5506	1.52671e+09	3.14159	493.813	2.83342	
10.6003	1.52671e+09	3.14159	494.651	0.806852	
10.6169	1.52671e+09	3.14159	493.568	0.34236	
10.6331	1.52671e+09	3.14159	497.661	0.336486	
10.6504	1.52671e+09	3.14159	496.907	0.401931	
10.6677	1.52671e+09	3.14159	497.189	0.376293	
10.6843	1.52671e+09	3.14159	494.062	1.39716	
10.7169	1.52671e+09	3.14159	492.37	1.23552	
10.7341	1.52671e+09	3.14159	491.209	1.43116	
10.8673	1.52671e+09	3.14159	490.132	0.451971	
10.8844	1.52671e+09	3.14159	488.59	0.411886	
10.9001	1.52671e+09	3.14159	497.316	0.410933	
10.9338	1.52671e+09	3.14159	487.914	0.333372	
10.951	1.52671e+09	3.14159	490.782	0.416496	
10.9671	1.52671e+09	3.14159	488.651	0.303506	
10.9834	1.52671e+09	3.14159	488.723	0.2887	
11.0002	1.52671e+09	3.14159	491.407	0.382892	
11.017	1.52671e+09	3.14159	489.152	0.262641	
11.1006	1.52671e+09	3.14159	488.648	0.39916	
11.1177	1.52671e+09	3.14159	510.008	0.398737	
11.1338	1.52671e+09	3.14159	489.904	0.473785	
11.1507	1.52671e+09	3.14159	487.872	0.439694	
11.1668	1.52671e+09	3.14159	486.827	0.447988	
11.1833	1.52671e+09	3.14159	490.256	0.421181	
11.2001	1.52671e+09	3.14159	487.35	0.338158	
11.2667	1.52671e+09	3.14159	486.339	0.346698	
11.2835	1.52671e+09	3.14159	486.256	0.351519	
11.3	1.52671e+09	3.14159	489.982	0.32167	
11.3175	1.52671e+09	3.14159	487.257	0.287021	
11.3343	1.52671e+09	3.14159	488.127	0.261105	
11.4003	1.52671e+09	3.14159	489.06	0.362167	
11.4175	1.52671e+09	3.14159	488.222	0.302492	
11.4333	1.52671e+09	3.14159	487.604	0.261149	
11.4509	1.52671e+09	3.14159	498.202	0.319617	
11.4667	1.52671e+09	3.14159	490.771	0.252822	
11.4839	1.52671e+09	3.14159	486.048	0.265954	
11.5001	1.52671e+09	3.14159	486.473	0.290406	
11.5178	1.52671e+09	3.14159	487.165	0.300418	
11.5341	1.52671e+09	3.14159	486.695	0.278613	
11.55	1.52671e+09	3.14159	486.805	0.270725	
11.5667	1.52671e+09	3.14159	486.906	0.234018	
11.584	1.52671e+09	3.14159	492.898	0.338078	
11.6003	1.52671e+09	3.14159	492.397	0.253068	
11.6168	1.52671e+09	3.14159	493.377	0.342617	
11.6335	1.52671e+09	3.14159	494.141	0.348322	
11.6838	1.52671e+09	3.14159	508.301	0.590242	
11.7168	1.52671e+09	3.14159	486.902	1.10016	
11.7668	1.52671e+09	3.14159	484.089	0.613798	
11.7846	1.52671e+09	3.14159	483.852	0.328861	
11.8004	1.52671e+09	3.14159	483.999	0.258673	
11.817	1.52671e+09	3.14159	493.307	0.359217	
11.8338	1.52671e+09	3.14159	488.063	0.33604	
11.8999	1.52671e+09	3.14159	486.099	0.287518	
11.9184	1.52671e+09	3.14159	486.949	0.439253	
11.9336	1.52671e+09	3.14159	485.013	0.360456	
11.9518	1.52671e+09	3.14159	484.76	0.400177	
11.9666	1.52671e+09	3.14159	493.847	0.406004	
11.9838	1.52671e+09	3.14159	483.775	0.357564	
11.9999	1.52671e+09	3.14159	484.677	0.359838	
12.0166	1.52671e+09	3.14159	489.827	0.330451	
12.0334	1.52671e+09	3.14159	485.771	0.280178	
12.0507	1.52671e+09	3.14159	484.935	0.216955	
12.0682	1.52671e+09	3.14159	487.577	0.22832	
12.1004	1.52671e+09	3.14159	484.023	0.401394	
12.118	1.52671e+09	3.14159	485.735	0.311025	
12.1336	1.52671e+09	3.14159	485.024	0.279784	
12.1503	1.52671e+09	3.14159	488.073	0.287571	
12.1667	1.52671e+09	3.14159	485.31	0.282302	
12.1841	1.52671e+09	3.14159	484.935	0.233942	
12.2005	1.52671e+09	3.14159	485.317	0.243489	
12.217	1.52671e+09	3.14159	485.467	0.30025	
12.2334	1.52671e+09	3.14159	486.159	0.2299	
12.2508	1.52671e+09	3.14159	531.81	0.316272	
12.2668	1.52671e+09	3.14159	499.094	0.222302	
12.3335	1.52671e+09	3.14159	497.825	1.15636	
12.3501	1.52671e+09	3.14159	489.38	0.270869	
12.367	1.52671e+09	3.14159	487.817	0.242871	
12.3841	1.52671e+09	3.14159	488.24	0.312417	
12.4002	1.52671e+09	3.14159	490.413	0.315916	
12.4178	1.52671e+09	3.14159	487.553	0.342064	
12.4337	1.52671e+09	3.14159	489.079	0.348086	
12.4507	1.52671e+09	3.14159	487.743	0.312252	
12.4671	1.52671e+09	3.14159	495.02	0.369071	
12.4836	1.52671e+09	3.14159	488.589	0.47149	
12.5527	1.52671e+09	3.14159	488.297	0.332249	
12.5684	1.52671e+09	3.14159	487.65	0.342986	
12.5847	1.52671e+09	3.14159	489.063	0.451206	
12.6002	1.52671e+09	3.14159	486.551	0.358373	
12.6179	1.52671e+09	3.14159	486.777	0.40137	
12.6335	1.52671e+09	3.14159	486.457	0.340892	
12.6504	1.52671e+09	3.14159	495.25	0.364033	
12.6674	1.52671e+09	3.14159	489.461	0.309018	
12.6836	1.52671e+09	3.14159	487.469	0.302744	
12.6999	1.52671e+09	3.14159	487.722	0.278383	
12.7168	1.52671e+09	3.14159	486.154	0.284343	
12.7332	1.52671e+09	3.14159	488.326	0.263212	
12.7501	1.52671e+09	3.14159	489.805	0.305975	
12.7671	1.52671e+09	3.14159	486.205	0.272118	
12.7841	1.52671e+09	3.14159	485.684	0.270751	
12.8008	1.52671e+09	3.14159	487.371	0.262546	
12.8169	1.52671e+09	3.14159	488.097	0.278886	
12.8337	1.52671e+09	3.14159	487.794	0.294833	
12.8508	1.52671e+09	3.14159	486.927	0.277506	
12.8673	1.52671e+09	3.14159	488.372	0.259727	
12.8839	1.52671e+09	3.14159	487.2	0.312944	
12.9	1.52671e+09	3.14159	487.221	0.277797	
12.9167	1.52671e+09	3.14159	494.63	0.311772	
12.9334	1.52671e+09	3.14159	487.474	0.327979	
12.9508	1.52671e+09	3.14159	488.966	0.389173	
12.9676	1.52671e+09	3.14159	488.683	0.31944	
13.0169	1.52671e+09	3.14159	486.117	0.280539	
13.0337	1.52671e+09	3.14159	487.557	0.259949	
13.0502	1.52671e+09	3.14159	486.727	0.292886	
13.0668	1.52671e+09	3.14159	485.498	0.249071	
13.0835	1.52671e+09	3.14159	485.854	0.362626	
13.0999	1.52671e+09	3.14159	488.321	0.387437	
13.1174	1.52671e+09	3.14159	486.282	0.45243	
13.1339	1.52671e+09	3.14159	485.761	0.361959	
13.1503	1.52671e+09	3.14159	486.072	0.185073	
13.1666	1.52671e+09	3.14159	488.047	0.349471	
13.1841	1.52671e+09	3.14159	488.765	0.370727	
13.2005	1.52671e+09	3.14159	487.409	0.413858	
13.2174	1.52671e+09	3.14159	487.882	0.466139	
13.2338	1.52671e+09	3.14159	488.222	0.386405	
13.2507	1.52671e+09	3.14159	488.135	0.424226	
13.2668	1.52671e+09	3.14159	488.838	0.395796	
13.3335	1.52671e+09	3.14159	489.606	0.305219	
13.3508	1.52671e+09	3.14159	489.231	0.360926	
13.3669	1.52671e+09	3.14159	487.702	0.329952	
13.3836	1.52671e+09	3.14159	487.212	0.385384	
13.4006	1.52671e+09	3.14159	485.168	0.329934	
13.4341	1.52671e+09	3.14159	486.597	0.268588	
13.4501	1.52671e+09	3.14159	487.262	0.245235	
13.4669	1.52671e+09	3.14159	485.962	0.203361	
13.4833	1.52671e+09	3.14159	487.34	0.295192	
13.5505	1.52671e+09	3.14159	490.754	0.302753	
13.5839	1.52671e+09	3.14159	494.585	0.591968	
13.6004	1.52671e+09	3.14159	494.285	0.362296	
13.8001	1.52671e+09	3.14159	484.27	0.457763	
13.817	1.52671e+09	3.14159	488.517	0.251957	
13.8337	1.52671e+09	3.14159	482.103	0.191205	
13.85	1.52671e+09	3.14159	482.701	0.323913	
13.8667	1.52671e+09	3.14159	483.713	0.320779	
13.8837	1.52671e+09	3.14159	497.066	0.261914	
14.1001	1.52671e+09	3.14159	484.192	0.452535	
14.1171	1.52671e+09	3.14159	481.891	0.40525	
14.1335	1.52671e+09	3.14159	482.226	0.379284	
14.2005	1.52671e+09	3.14159	481.984	0.236294	
14.2168	1.52671e+09	3.14159	480.246	0.240463	
14.2507	1.52671e+09	3.14159	481.912	0.225055	
14.2671	1.52671e+09	3.14159	480.431	0.321305	
14.2838	1.52671e+09	3.14159	481.024	0.363271	
14.3002	1.52671e+09	3.14159	485.874	0.327105	
14.3669	1.52671e+09	3.14159	479.574	0.433863	
14.3836	1.52671e+09	3.14159	479.27	0.367701	
14.4001	1.52671e+09	3.14159	481.081	0.362259	
14.4507	1.52671e+09	3.14159	488.465	0.346744	
14.4841	1.52671e+09	3.14159	480.215	0.298337	
14.5001	1.52671e+09	3.14159	479.61	0.290563	
14.55	1.52671e+09	3.14159	486.2	1.05136	
14.5838	1.52671e+09	3.14159	482.407	0.186576	
14.7361	1.52671e+09	3.14159	475.27	1.52977	
14.7506	1.52671e+09	3.14159	476.056	0.731167	
14.7834	1.52671e+09	3.14159	475.189	0.410495	
14.8006	1.52671e+09	3.14159	473.924	0.403504	
14.8168	1.52671e+09	3.14159	472.19	0.39549	
14.8332	1.52671e+09	3.14159	473.682	0.387954	
14.8501	1.52671e+09	3.14159	472.701	0.349047	
14.8683	1.52671e+09	3.14159	471.803	0.320643	
14.8839	1.52671e+09	3.14159	477.01	0.290591	
14.9001	1.52671e+09	3.14159	473.016	0.2833	
14.9174	1.52671e+09	3.14159	473.888	0.296011	
15.0336	1.52671e+09	3.14159	471.877	0.237164	
15.0501	1.52671e+09	3.14159	471.014	0.221961	
15.0672	1.52671e+09	3.14159	469.998	0.231129	
15.0836	1.52671e+09	3.14159	469.357	0.251274	
15.1005	1.52671e+09	3.14159	475.245	0.26244	
15.1676	1.52671e+09	3.14159	470.988	0.323768	
15.1848	1.52671e+09	3.14159	468.738	0.295646	
15.2003	1.52671e+09	3.14159	468.654	0.316774	
15.2171	1.52671e+09	3.14159	478.088	0.313766	
15.2334	1.52671e+09	3.14159	471.035	0.304216	
15.2505	1.52671e+09	3.14159	470.255	0.265113	
15.3835	1.52671e+09	3.14159	466.525	0.361456	
15.4001	1.52671e+09	3.14159	465.724	0.327945	
15.417	1.52671e+09	3.14159	463.407	0.346513	
15.5001	1.52671e+09	3.14159	468.842	0.570429	
15.5174	1.52671e+09	3.14159	481.344	0.368426	
15.5337	1.52671e+09	3.14159	461.369	1.5119	
15.55	1.52671e+09	3.14159	462.52	0.418709	
15.5666	1.52671e+09	3.14159	460.797	0.399399	
15.5842	1.52671e+09	3.14159	462.784	0.378286	
15.7354	1.52671e+09	3.14159	456.731	0.457302	
15.7502	1.52671e+09	3.14159	458.542	0.441847	
15.7667	1.52671e+09	3.14159	462.964	0.483527	
15.7833	1.52671e+09	3.14159	456.979	0.446079	
15.8845	1.52671e+09	3.14159	460.936	0.27382	
15.9	1.52671e+09	3.14159	453.681	0.298185	
15.9336	1.52671e+09	3.14159	453.764	0.251046	
15.9499	1.52671e+09	3.14159	460.544	0.20704	
15.9666	1.52671e+09	3.14159	453.005	0.197852	
16.0006	1.52671e+09	3.14159	451.225	0.243955	
16.0169	1.52671e+09	3.14159	451.556	0.219244	
16.0339	1.52671e+09	3.14159	451.535	0.269684	
16.0501	1.52671e+09	3.14159	451.187	0.27496	
16.0667	1.52671e+09	3.14159	450.89	0.302121	
16.0844	1.52671e+09	3.14159	450.276	0.298513	
16.1005	1.52671e+09	3.14159	451.669	0.279961	
16.1339	1.52671e+09	3.14159	459.518	0.278663	
16.2343	1.52671e+09	3.14159	448.105	0.218442	
16.2515	1.52671e+09	3.14159	446.391	0.31689	
16.2668	1.52671e+09	3.14159	446.251	0.320623	
16.2836	1.52671e+09	3.14159	447.071	0.316283	
16.3497	1.52671e+09	3.14159	444.709	0.320744	
16.3666	1.52671e+09	3.14159	442.969	0.284328	
16.3836	1.52671e+09	3.14159	447.035	0.231104	
16.4006	1.52671e+09	3.14159	447.954	0.240654	
16.417	1.52671e+09	3.14159	443.098	0.231195	
16.4335	1.52671e+09	3.14159	443.124	0.299191	
16.5	1.52671e+09	3.14159	438.088	2.43943	
16.5166	1.52671e+09	3.14159	437.405	1.84618	
16.5334	1.52671e+09	3.14159	441.136	1.34927	
16.5504	1.52671e+09	3.14159	438.207	0.723652	
16.5664	1.52671e+09	3.14159	439.191	0.330639	
16.5832	1.52671e+09	3.14159	436.984	0.353794	
16.5997	1.52671e+09	3.14159	437.426	0.341191	
16.7	1.52671e+09	3.14159	432.04	0.446538	
16.7163	1.52671e+09	3.14159	431.421	0.412178	
16.7502	1.52671e+09	3.14159	429.842	0.33839	
16.7668	1.52671e+09	3.14159	435.544	0.302388	
16.7831	1.52671e+09	3.14159	430.941	0.276431	
16.8003	1.52671e+09	3.14159	428.495	0.245064	
16.8169	1.52671e+09	3.14159	428.14	0.245396	
16.8332	1.52671e+09	3.14159	429.202	0.231317	
16.8497	1.52671e+09	3.14159	427.618	0.344308	
16.8834	1.52671e+09	3.14159	430.451	0.26843	
16.8998	1.52671e+09	3.14159	426.189	0.262587	
16.967	1.52671e+09	3.14159	424.481	0.205483	
16.9836	1.52671e+09	3.14159	426.493	0.281811	
17.0002	1.52671e+09	3.14159	422.939	0.27601	
17.0167	1.52671e+09	3.14159	421.938	0.454694	
17.0332	1.52671e+09	3.14159	421.947	0.401316	
17.0499	1.52671e+09	3.14159	421.432	0.393515	
17.0835	1.52671e+09	3.14159	434.93	0.371924	
17.1	1.52671e+09	3.14159	430.575	0.345592	
17.1167	1.52671e+09	3.14159	418.537	0.283154	
17.1332	1.52671e+09	3.14159	418.382	0.249101	
17.1504	1.52671e+09	3.14159	417.742	0.293068	
17.2169	1.52671e+09	3.14159	422.84	0.297235	
17.2331	1.52671e+09	3.14159	415.065	0.291612	
17.2501	1.52671e+09	3.14159	413.334	0.270978	
17.2998	1.52671e+09	3.14159	411.958	0.270093	
17.3177	1.52671e+09	3.14159	412.711	0.258517	
17.3334	1.52671e+09	3.14159	410.368	0.257427	
17.3498	1.52671e+09	3.14159	410.611	0.260573	
17.3666	1.52671e+09	3.14159	413.686	0.226825	
17.3832	1.52671e+09	3.14159	409.336	0.2189	
17.4164	1.52671e+09	3.14159	407.623	0.264652	
17.4667	1.52671e+09	3.14159	405.332	0.362734	
17.4831	1.52671e+09	3.14159	404.811	0.354153	
17.5	1.52671e+09	3.14159	403.96	0.339842	
17.5165	1.52671e+09	3.14159	403.335	0.344396	
17.5331	1.52671e+09	3.14159	402.298	0.285445	
17.5664	1.52671e+09	3.14159	403.149	0.260916	
17.6165	1.52671e+09	3.14159	406.824	0.233444	
17.6332	1.52671e+09	3.14159	398.882	0.264901	
17.6498	1.52671e+09	3.14159	398.046	0.315337	
17.6665	1.52671e+09	3.14159	397.855	0.372817	
17.7168	1.52671e+09	3.14159	395.25	0.408504	
17.7335	1.52671e+09	3.14159	394.29	0.38518	
17.7499	1.52671e+09	3.14159	395.889	0.397118	
17.7664	1.52671e+09	3.14159	396.049	0.372674	
17.7833	1.52671e+09	3.14159	391.679	0.35815	
17.8004	1.52671e+09	3.14159	392.978	0.342248	
17.8169	1.52671e+09	3.14159	390.311	0.309886	
17.8334	1.52671e+09	3.14159	394.393	0.293743	
17.8505	1.52671e+09	3.14159	389.713	0.283846	
17.8668	1.52671e+09	3.14159	389.156	0.245255	
17.8832	1.52671e+09	3.14159	388.221	0.264456	
17.9	1.52671e+09	3.14159	387.365	0.300596	
17.9668	1.52671e+09	3.14159	387.021	0.379036	
17.9832	1.52671e+09	3.14159	383.325	0.362772	
18.0006	1.52671e+09	3.14159	382.934	0.326362	
18.0175	1.52671e+09	3.14159	381.25	0.365836	
18.0335	1.52671e+09	3.14159	380.657	0.292726	
18.0499	1.52671e+09	3.14159	380.482	0.281395	
18.0671	1.52671e+09	3.14159	380.033	0.273989	
18.0832	1.52671e+09	3.14159	379.109	0.269439	
18.1833	1.52671e+09	3.14159	373.289	0.354589	
18.1999	1.52671e+09	3.14159	372.148	0.34041	
18.2165	1.52671e+09	3.14159	372.484	0.299068	
18.2332	1.52671e+09	3.14159	371.504	0.239415	
18.2498	1.52671e+09	3.14159	370.27	0.226488	
18.2666	1.52671e+09	3.14159	369.3	0.208104	
18.2836	1.52671e+09	3.14159	368.897	0.241964	
18.2997	1.52671e+09	3.14159	369.3	0.24829	
18.3177	1.52671e+09	3.14159	366.467	0.273798	
18.3334	1.52671e+09	3.14159	367.443	0.283171	
18.3498	1.52671e+09	3.14159	364.573	0.333872	
18.3667	1.52671e+09	3.14159	365.42	0.281266	
18.3836	1.52671e+09	3.14159	362.968	0.302013	
18.4001	1.52671e+09	3.14159	362.474	0.293386	
18.4165	1.52671e+09	3.14159	361.127	0.33526	
18.4331	1.52671e+09	3.14159	361.523	0.323749	
18.4499	1.52671e+09	3.14159	359.392	0.27528	
18.4666	1.52671e+09	3.14159	358.774	0.262885	
18.4834	1.52671e+09	3.14159	357.989	0.310189	
18.4999	1.52671e+09	3.14159	357.592	0.276654	
18.5164	1.52671e+09	3.14159	358.434	0.261111	
18.5334	1.52671e+09	3.14159	356.533	0.343842	
18.5507	1.52671e+09	3.14159	356.726	0.232782	
18.6497	1.52671e+09	3.14159	347.547	1.4649	
18.6832	1.52671e+09	3.14159	345.879	0.862294	
18.7005	1.52671e+09	3.14159	343.976	0.536115	
18.7165	1.52671e+09	3.14159	343.252	0.446898	
18.7332	1.52671e+09	3.14159	343.468	0.396506	
18.75	1.52671e+09	3.14159	341.684	0.362657	
18.7665	1.52671e+09	3.14159	340.533	0.342473	
18.7832	1.52671e+09	3.14159	339.841	0.317155	
18.7998	1.52671e+09	3.14159	338.954	0.276636	
18.8168	1.52671e+09	3.14159	338.046	0.220238	
18.8668	1.52671e+09	3.14159	334.883	0.275118	
18.8831	1.52671e+09	3.14159	336.178	0.265201	
18.9004	1.52671e+09	3.14159	332.633	0.24127	
18.9186	1.52671e+09	3.14159	331.668	0.283377	
18.9335	1.52671e+09	3.14159	330.564	0.316438	
18.9497	1.52671e+09	3.14159	331.177	0.299893	
18.9663	1.52671e+09	3.14159	328.731	0.274435	
18.9831	1.52671e+09	3.14159	327.834	0.246299	
18.9997	1.52671e+09	3.14159	327.499	0.224324	
19.0164	1.52671e+09	3.14159	325.718	0.199821	
19.0331	1.52671e+09	3.14159	324.999	0.231571	
19.0505	1.52671e+09	3.14159	323.82	0.320977	
19.0666	1.52671e+09	3.14159	322.746	0.307464	
19.0833	1.52671e+09	3.14159	321.56	0.301908	
19.0997	1.52671e+09	3.14159	320.332	0.362443	
19.1167	1.52671e+09	3.14159	320.646	0.554089	
19.1334	1.52671e+09	3.14159	318.319	0.300978	
19.1497	1.52671e+09	3.14159	317.328	0.322983	
19.1666	1.52671e+09	3.14159	316.451	0.354658	
19.183	1.52671e+09	3.14159	315.084	0.3221	
19.2002	1.52671e+09	3.14159	314.289	0.287953	
19.2172	1.52671e+09	3.14159	313.319	0.310797	
19.233	1.52671e+09	3.14159	314.898	0.295167	
19.2499	1.52671e+09	3.14159	310.517	0.418861	
19.2665	1.52671e+09	3.14159	309.553	0.322348	
19.2831	1.52671e+09	3.14159	308.866	0.29671	
19.3	1.52671e+09	3.14159	308.19	0.316747	
19.3165	1.52671e+09	3.14159	306.291	0.274371	
19.3331	1.52671e+09	3.14159	307.411	0.248215	
19.3498	1.52671e+09	3.14159	303.892	0.233603	
19.3664	1.52671e+09	3.14159	302.947	0.192415	
19.3832	1.52671e+09	3.14159	301.957	0.174206	
19.4001	1.52671e+09	3.14159	301.838	0.348454	
19.4176	1.52671e+09	3.14159	299.314	0.311197	
19.4333	1.52671e+09	3.14159	298.077	0.304993	
19.4502	1.52671e+09	3.14159	297.091	0.272467	
19.4665	1.52671e+09	3.14159	295.873	0.302651	
19.4837	1.52671e+09	3.14159	294.444	0.480021	
19.5164	1.52671e+09	3.14159	292.432	0.332979	
19.5332	1.52671e+09	3.14159	291.112	0.38646	
19.5501	1.52671e+09	3.14159	289.856	0.358724	
19.5667	1.52671e+09	3.14159	288.826	0.338285	
19.5835	1.52671e+09	3.14159	287.55	0.30951	
19.5998	1.52671e+09	3.14159	286.39	0.29229	
19.6665	1.52671e+09	3.14159	281.463	0.328547	
19.683	1.52671e+09	3.14159	280.083	0.301356	
19.7002	1.52671e+09	3.14159	278.933	0.240454	
19.7164	1.52671e+09	3.14159	277.704	0.243645	
19.7333	1.52671e+09	3.14159	276.518	0.204808	
19.7504	1.52671e+09	3.14159	275.264	0.210233	
19.7668	1.52671e+09	3.14159	273.953	0.321181	
19.7831	1.52671e+09	3.14159	272.601	0.31753	
19.7998	1.52671e+09	3.14159	271.355	0.31324	
19.9831	1.52671e+09	3.14159	257.052	0.465655	
