idx timestamp pi t2 t1+t3
0	1.52526e+09	3.14159	1.32976	1.23784	
0.0497418	1.52526e+09	3.14159	1.27585	0.858104	
0.0996171	1.52526e+09	3.14159	1.29211	0.36637	
0.149646	1.52526e+09	3.14159	1.28624	0.77902	
0.200996	1.52526e+09	3.14159	1.34277	0.360098	
0.249891	1.52526e+09	3.14159	1.27909	0.79618	
0.299754	1.52526e+09	3.14159	1.28367	0.337228	
0.349741	1.52526e+09	3.14159	1.43997	0.773457	
0.399618	1.52526e+09	3.14159	1.3885	0.777714	
0.449619	1.52526e+09	3.14159	1.30753	0.347631	
0.499623	1.52526e+09	3.14159	1.31788	0.329773	
0.549624	1.52526e+09	3.14159	1.32068	0.348078	
0.599621	1.52526e+09	3.14159	1.25428	0.815569	
0.649858	1.52526e+09	3.14159	1.28149	0.33759	
0.699616	1.52526e+09	3.14159	1.30695	0.799602	
0.74962	1.52526e+09	3.14159	1.33073	0.346545	
0.799654	1.52526e+09	3.14159	1.31341	0.841368	
0.849893	1.52526e+09	3.14159	1.27975	0.375956	
0.899622	1.52526e+09	3.14159	1.29388	0.375576	
0.949622	1.52526e+09	3.14159	1.29962	0.371066	
0.999662	1.52526e+09	3.14159	1.33489	0.366199	
1.04962	1.52526e+09	3.14159	1.28097	0.801459	
1.09962	1.52526e+09	3.14159	1.26786	0.376642	
1.14962	1.52526e+09	3.14159	1.2943	0.342339	
1.19965	1.52526e+09	3.14159	1.31607	0.347794	
1.24962	1.52526e+09	3.14159	1.27844	0.342384	
1.29962	1.52526e+09	3.14159	1.31372	0.343882	
1.34962	1.52526e+09	3.14159	1.2846	0.844046	
1.40014	1.52526e+09	3.14159	1.31749	0.380922	
1.44962	1.52526e+09	3.14159	1.28217	0.778746	
1.49962	1.52526e+09	3.14159	1.29513	0.349498	
1.54962	1.52526e+09	3.14159	1.28404	0.785317	
1.59965	1.52526e+09	3.14159	1.27134	0.381697	
1.64962	1.52526e+09	3.14159	1.30131	0.331411	
1.69962	1.52526e+09	3.14159	1.32854	0.368765	
1.74962	1.52526e+09	3.14159	1.28962	0.410476	
1.79962	1.52526e+09	3.14159	1.29634	0.790776	
1.85002	1.52526e+09	3.14159	1.26682	0.337401	
1.89962	1.52526e+09	3.14159	1.33584	0.388507	
1.94962	1.52526e+09	3.14159	1.27869	0.386718	
1.99962	1.52526e+09	3.14159	1.28678	0.806706	
2.04962	1.52526e+09	3.14159	1.27531	0.354217	
2.09962	1.52526e+09	3.14159	1.29123	0.819537	
2.14984	1.52526e+09	3.14159	1.28639	0.853182	
2.19962	1.52526e+09	3.14159	1.27639	0.336492	
2.24962	1.52526e+09	3.14159	1.29091	0.397646	
2.29963	1.52526e+09	3.14159	1.29332	0.386764	
2.34962	1.52526e+09	3.14159	1.29062	0.383964	
2.39966	1.52526e+09	3.14159	1.29689	0.803952	
2.44962	1.52526e+09	3.14159	1.2938	0.350814	
2.49962	1.52526e+09	3.14159	1.28954	0.338378	
2.54962	1.52526e+09	3.14159	1.27813	0.825772	
2.60022	1.52526e+09	3.14159	1.28151	0.767077	
2.64962	1.52526e+09	3.14159	1.27078	0.379684	
2.69963	1.52526e+09	3.14159	1.30031	0.382544	
2.7497	1.52526e+09	3.14159	1.31347	0.376237	
2.79966	1.52526e+09	3.14159	1.27906	0.341501	
2.84962	1.52526e+09	3.14159	1.31204	0.383485	
2.89962	1.52526e+09	3.14159	1.27485	0.378652	
2.94962	1.52526e+09	3.14159	1.28513	0.397642	
2.99965	1.52526e+09	3.14159	1.43614	0.33865	
3.04962	1.52526e+09	3.14159	1.30227	0.343184	
3.09962	1.52526e+09	3.14159	1.27304	0.40093	
3.14962	1.52526e+09	3.14159	1.2854	0.358563	
3.19962	1.52526e+09	3.14159	1.33021	0.384735	
3.24962	1.52526e+09	3.14159	1.27996	0.775192	
3.29985	1.52526e+09	3.14159	1.32311	0.779943	
3.34997	1.52526e+09	3.14159	1.28544	0.780593	
3.40007	1.52526e+09	3.14159	1.27603	0.775599	
3.44962	1.52526e+09	3.14159	1.34282	0.760377	
3.50007	1.52526e+09	3.14159	1.31179	0.471552	
3.54962	1.52526e+09	3.14159	1.27649	0.347699	
3.59962	1.52526e+09	3.14159	1.29858	0.854705	
3.65007	1.52526e+09	3.14159	1.28624	0.346423	
3.69962	1.52526e+09	3.14159	1.29797	0.843791	
3.74962	1.52526e+09	3.14159	1.3018	0.777287	
3.79966	1.52526e+09	3.14159	1.29173	0.341173	
3.84962	1.52526e+09	3.14159	1.28667	0.379737	
3.89963	1.52526e+09	3.14159	1.29885	0.394254	
3.94962	1.52526e+09	3.14159	1.27365	0.333165	
3.99965	1.52526e+09	3.14159	1.30603	0.342437	
4.04962	1.52526e+09	3.14159	1.27114	0.371286	
4.09962	1.52526e+09	3.14159	1.29645	0.341064	
4.14962	1.52526e+09	3.14159	1.31224	0.357368	
4.19966	1.52526e+09	3.14159	1.2875	0.409992	
4.24962	1.52526e+09	3.14159	1.3429	0.410236	
4.29963	1.52526e+09	3.14159	1.33485	0.377849	
4.34962	1.52526e+09	3.14159	1.27058	0.784021	
4.39962	1.52526e+09	3.14159	1.30861	0.38072	
4.44962	1.52526e+09	3.14159	1.34645	0.78628	
4.49981	1.52526e+09	3.14159	1.32543	0.380321	
4.54962	1.52526e+09	3.14159	1.3533	0.38033	
4.59965	1.52526e+09	3.14159	1.32247	0.342203	
4.64962	1.52526e+09	3.14159	1.27339	0.38776	
4.69962	1.52526e+09	3.14159	1.29404	0.383433	
4.74973	1.52526e+09	3.14159	1.34876	0.355059	
4.79964	1.52526e+09	3.14159	1.30594	0.798527	
4.84979	1.52526e+09	3.14159	1.28092	0.83868	
4.9001	1.52526e+09	3.14159	1.30203	0.830304	
4.94964	1.52526e+09	3.14159	1.28776	0.789207	
4.99962	1.52526e+09	3.14159	1.28007	0.336072	
5.04962	1.52526e+09	3.14159	1.27587	0.802755	
5.09962	1.52526e+09	3.14159	1.30097	0.365717	
5.14962	1.52526e+09	3.14159	1.31658	0.341945	
5.19962	1.52526e+09	3.14159	1.27301	0.361265	
5.24962	1.52526e+09	3.14159	1.28892	0.362273	
5.29962	1.52526e+09	3.14159	1.28829	0.345227	
5.35007	1.52526e+09	3.14159	1.27177	0.351134	
5.39974	1.52526e+09	3.14159	1.27335	0.345824	
5.44962	1.52526e+09	3.14159	1.26758	0.339328	
5.49962	1.52526e+09	3.14159	1.2914	0.34243	
5.54962	1.52526e+09	3.14159	1.27903	0.817648	
5.59965	1.52526e+09	3.14159	1.33985	0.345312	
5.64962	1.52526e+09	3.14159	1.28305	0.347444	
5.69962	1.52526e+09	3.14159	1.29209	0.772959	
5.74962	1.52526e+09	3.14159	1.30551	0.335694	
5.79966	1.52526e+09	3.14159	1.26882	0.354134	
5.85019	1.52526e+09	3.14159	1.29819	0.383371	
5.89963	1.52526e+09	3.14159	1.27839	0.772293	
5.94962	1.52526e+09	3.14159	1.30205	0.358275	
5.99962	1.52526e+09	3.14159	1.30912	0.340624	
6.04974	1.52526e+09	3.14159	1.25746	0.345218	
6.09962	1.52526e+09	3.14159	1.26379	0.343532	
6.14962	1.52526e+09	3.14159	1.31285	0.847475	
6.19962	1.52526e+09	3.14159	1.28113	0.832634	
6.24962	1.52526e+09	3.14159	1.28047	0.356174	
6.29962	1.52526e+09	3.14159	1.26702	0.80477	
6.35067	1.52526e+09	3.14159	1.32556	0.348315	
6.39985	1.52526e+09	3.14159	1.3417	0.342296	
6.4497	1.52526e+09	3.14159	1.30536	0.781363	
6.49962	1.52526e+09	3.14159	1.33083	0.366069	
6.54963	1.52526e+09	3.14159	1.26601	0.347389	
6.59965	1.52526e+09	3.14159	1.27883	0.33995	
6.64962	1.52526e+09	3.14159	1.30328	0.349127	
6.69962	1.52526e+09	3.14159	1.28884	0.870212	
6.74962	1.52526e+09	3.14159	1.28304	0.790792	
6.79965	1.52526e+09	3.14159	1.2976	0.354808	
6.85027	1.52526e+09	3.14159	1.32196	0.755822	
6.89962	1.52526e+09	3.14159	1.28081	0.331506	
6.94962	1.52526e+09	3.14159	1.29749	0.770583	
7.00024	1.52526e+09	3.14159	1.32117	0.775485	
7.04962	1.52526e+09	3.14159	1.32368	0.778145	
7.09994	1.52526e+09	3.14159	1.35741	0.342423	
7.14966	1.52526e+09	3.14159	1.32444	0.342953	
7.19965	1.52526e+09	3.14159	1.31533	0.884744	
7.24968	1.52526e+09	3.14159	1.38616	0.352301	
7.29962	1.52526e+09	3.14159	1.28215	0.809005	
7.35138	1.52526e+09	3.14159	1.27811	0.365282	
7.39974	1.52526e+09	3.14159	1.31546	0.352566	
7.44962	1.52526e+09	3.14159	1.27232	0.349242	
7.49963	1.52526e+09	3.14159	1.29056	0.385149	
7.54962	1.52526e+09	3.14159	1.36598	0.34187	
7.59962	1.52526e+09	3.14159	1.27718	0.348379	
7.64962	1.52526e+09	3.14159	1.26317	0.780593	
7.69962	1.52526e+09	3.14159	1.27137	0.362101	
7.74964	1.52526e+09	3.14159	1.27567	0.331953	
7.79962	1.52526e+09	3.14159	1.28652	0.34432	
7.84962	1.52526e+09	3.14159	1.28042	0.352352	
7.89962	1.52526e+09	3.14159	1.33085	0.811647	
7.94994	1.52526e+09	3.14159	1.28162	0.340167	
7.99966	1.52526e+09	3.14159	1.28061	0.331732	
8.04962	1.52526e+09	3.14159	1.26535	0.798141	
8.09962	1.52526e+09	3.14159	1.26305	0.776032	
8.14962	1.52526e+09	3.14159	1.31771	0.342798	
8.19961	1.52526e+09	3.14159	1.3104	0.403759	
8.24962	1.52526e+09	3.14159	1.2868	0.355764	
8.29962	1.52526e+09	3.14159	1.28026	0.347383	
8.34961	1.52526e+09	3.14159	1.29564	0.366652	
8.39964	1.52526e+09	3.14159	1.29859	0.365573	
8.44963	1.52526e+09	3.14159	1.30232	0.339112	
8.49962	1.52526e+09	3.14159	1.2717	0.319199	
8.54965	1.52526e+09	3.14159	1.32188	0.856172	
8.59962	1.52526e+09	3.14159	1.27776	0.781821	
8.64962	1.52526e+09	3.14159	1.34957	0.376239	
8.69962	1.52526e+09	3.14159	1.29383	0.339607	
8.74965	1.52526e+09	3.14159	1.27817	0.343017	
8.79965	1.52526e+09	3.14159	1.27724	0.787384	
8.84962	1.52526e+09	3.14159	1.29909	0.328224	
8.89962	1.52526e+09	3.14159	1.31023	0.840087	
8.94962	1.52526e+09	3.14159	1.31294	0.349953	
8.99963	1.52526e+09	3.14159	1.35123	0.307022	
9.04962	1.52526e+09	3.14159	1.26942	0.341698	
9.09962	1.52526e+09	3.14159	1.26499	0.77412	
9.14965	1.52526e+09	3.14159	1.31312	0.347536	
9.19964	1.52526e+09	3.14159	1.32852	0.34589	
9.24969	1.52526e+09	3.14159	1.37701	0.328274	
9.29973	1.52526e+09	3.14159	1.36958	0.818185	
9.34962	1.52526e+09	3.14159	1.30381	0.349414	
9.39966	1.52526e+09	3.14159	1.35496	0.352567	
9.44962	1.52526e+09	3.14159	1.42797	0.898623	
9.49977	1.52526e+09	3.14159	1.32708	0.346017	
9.54974	1.52526e+09	3.14159	1.36634	0.336167	
9.59961	1.52526e+09	3.14159	1.28462	0.347983	
9.64961	1.52526e+09	3.14159	1.29901	0.790855	
9.69987	1.52526e+09	3.14159	1.26566	0.773244	
9.75019	1.52526e+09	3.14159	1.29809	0.849413	
9.79966	1.52526e+09	3.14159	1.37878	0.383302	
9.84962	1.52526e+09	3.14159	1.29669	0.345932	
9.89962	1.52526e+09	3.14159	1.29158	0.347234	
9.94967	1.52526e+09	3.14159	1.31429	0.352178	
9.99965	1.52526e+09	3.14159	1.28228	0.338138	
10.0496	1.52526e+09	3.14159	1.27392	0.348027	
10.0996	1.52526e+09	3.14159	1.30379	0.342178	
10.1496	1.52526e+09	3.14159	1.32915	0.839608	
10.1997	1.52526e+09	3.14159	1.30442	0.781822	
10.2496	1.52526e+09	3.14159	1.29	0.348329	
10.2996	1.52526e+09	3.14159	1.27572	0.786799	
10.3497	1.52526e+09	3.14159	1.30116	0.774585	
10.4002	1.52526e+09	3.14159	1.32997	0.761761	
10.45	1.52526e+09	3.14159	1.36312	0.392116	
10.4996	1.52526e+09	3.14159	1.34443	0.828824	
10.5498	1.52526e+09	3.14159	1.28663	0.351721	
10.5997	1.52526e+09	3.14159	1.2742	0.331743	
10.6497	1.52526e+09	3.14159	1.28023	0.343592	
10.6996	1.52526e+09	3.14159	1.28847	0.30833	
10.7496	1.52526e+09	3.14159	1.30465	0.337204	
10.7996	1.52526e+09	3.14159	1.29607	0.836756	
10.8496	1.52526e+09	3.14159	1.28629	0.377587	
10.8996	1.52526e+09	3.14159	1.30861	0.340251	
10.9496	1.52526e+09	3.14159	1.30309	0.339762	
10.9996	1.52526e+09	3.14159	1.28441	0.338416	
11.0496	1.52526e+09	3.14159	1.32718	0.364727	
11.0996	1.52526e+09	3.14159	1.32012	0.329741	
11.1496	1.52526e+09	3.14159	1.31742	0.34445	
11.1996	1.52526e+09	3.14159	1.33578	0.332101	
11.2496	1.52526e+09	3.14159	1.27534	0.351492	
11.2996	1.52526e+09	3.14159	1.28372	0.411238	
11.3501	1.52526e+09	3.14159	1.31577	0.896055	
11.3997	1.52526e+09	3.14159	1.3831	0.844678	
11.4501	1.52526e+09	3.14159	1.29632	0.777013	
11.4996	1.52526e+09	3.14159	1.28582	0.973204	
11.5501	1.52526e+09	3.14159	1.29234	0.394554	
11.5996	1.52526e+09	3.14159	1.29336	0.848048	
11.6496	1.52526e+09	3.14159	1.29526	0.459486	
11.6996	1.52526e+09	3.14159	1.2691	0.348719	
11.7496	1.52526e+09	3.14159	1.27783	0.798506	
11.7996	1.52526e+09	3.14159	1.37521	0.384772	
11.85	1.52526e+09	3.14159	1.3291	0.346081	
11.8996	1.52526e+09	3.14159	1.30197	0.790385	
11.9496	1.52526e+09	3.14159	1.26559	0.372248	
11.9996	1.52526e+09	3.14159	1.3518	0.349118	
12.0496	1.52526e+09	3.14159	1.29333	0.320481	
12.0996	1.52526e+09	3.14159	1.53943	0.334681	
12.15	1.52526e+09	3.14159	1.35186	0.886264	
12.1996	1.52526e+09	3.14159	1.3294	0.373516	
12.2496	1.52526e+09	3.14159	1.27846	0.371402	
12.2996	1.52526e+09	3.14159	1.28017	0.456067	
12.3496	1.52526e+09	3.14159	1.31173	0.371025	
12.4001	1.52526e+09	3.14159	1.33012	0.881616	
12.4496	1.52526e+09	3.14159	1.30605	0.34581	
12.4997	1.52526e+09	3.14159	1.32651	0.367394	
12.5502	1.52526e+09	3.14159	1.28209	0.411658	
12.5996	1.52526e+09	3.14159	1.28586	0.425696	
12.6496	1.52526e+09	3.14159	1.28475	0.326066	
12.6997	1.52526e+09	3.14159	1.29928	0.853144	
12.7496	1.52526e+09	3.14159	1.2823	0.844092	
12.7996	1.52526e+09	3.14159	1.28273	0.409506	
12.8496	1.52526e+09	3.14159	1.2702	0.775101	
12.8997	1.52526e+09	3.14159	1.28438	0.330432	
12.9496	1.52526e+09	3.14159	1.30592	0.355946	
12.9999	1.52526e+09	3.14159	1.27931	0.393827	
13.0496	1.52526e+09	3.14159	1.26339	0.37803	
13.0996	1.52526e+09	3.14159	1.27456	0.326245	
13.1497	1.52526e+09	3.14159	1.27326	0.815384	
13.1996	1.52526e+09	3.14159	1.27932	0.323488	
13.2496	1.52526e+09	3.14159	1.2639	0.788409	
13.2996	1.52526e+09	3.14159	1.28486	0.411052	
13.3496	1.52526e+09	3.14159	1.26924	0.769054	
13.4002	1.52526e+09	3.14159	1.30067	0.541563	
13.4496	1.52526e+09	3.14159	1.29047	0.848178	
13.4996	1.52526e+09	3.14159	1.31934	0.384581	
13.5496	1.52526e+09	3.14159	1.27752	0.383348	
13.5996	1.52526e+09	3.14159	1.30302	0.359848	
13.6496	1.52526e+09	3.14159	1.26967	0.88375	
13.6996	1.52526e+09	3.14159	1.26215	0.441817	
13.7496	1.52526e+09	3.14159	1.31265	0.775698	
13.7996	1.52526e+09	3.14159	1.27605	0.808606	
13.8498	1.52526e+09	3.14159	1.30474	0.420852	
13.8996	1.52526e+09	3.14159	1.27179	0.322002	
13.9496	1.52526e+09	3.14159	1.27181	0.865819	
13.9998	1.52526e+09	3.14159	1.29145	0.985978	
14.0496	1.52526e+09	3.14159	1.31276	0.337094	
14.0996	1.52526e+09	3.14159	1.26254	0.787768	
14.1499	1.52526e+09	3.14159	1.31928	0.338589	
14.1996	1.52526e+09	3.14159	1.26808	0.373766	
14.2496	1.52526e+09	3.14159	1.26779	0.345028	
14.2996	1.52526e+09	3.14159	1.2873	0.366563	
14.3496	1.52526e+09	3.14159	1.28118	0.418341	
14.3996	1.52526e+09	3.14159	1.29162	0.342222	
14.4496	1.52526e+09	3.14159	1.27877	0.381093	
14.4996	1.52526e+09	3.14159	1.2619	0.807425	
14.5496	1.52526e+09	3.14159	1.28434	0.372529	
14.5996	1.52526e+09	3.14159	1.25783	0.907211	
14.6496	1.52526e+09	3.14159	1.28714	0.856274	
14.6996	1.52526e+09	3.14159	1.3138	0.795571	
14.7502	1.52526e+09	3.14159	1.29694	0.788408	
14.7996	1.52526e+09	3.14159	1.29007	0.766239	
14.8496	1.52526e+09	3.14159	1.32783	0.313013	
14.8996	1.52526e+09	3.14159	1.2813	0.332513	
14.9497	1.52526e+09	3.14159	1.30018	0.381539	
14.9996	1.52526e+09	3.14159	1.26955	0.779758	
15.0496	1.52526e+09	3.14159	1.28798	0.444496	
15.0996	1.52526e+09	3.14159	1.28429	0.337539	
15.1496	1.52526e+09	3.14159	1.30228	0.801221	
15.1996	1.52526e+09	3.14159	1.28377	0.359075	
15.2496	1.52526e+09	3.14159	1.26235	0.945522	
15.2996	1.52526e+09	3.14159	1.3009	0.376984	
15.3496	1.52526e+09	3.14159	1.39133	0.36064	
15.3996	1.52526e+09	3.14159	1.33837	0.338519	
15.45	1.52526e+09	3.14159	1.32382	0.391505	
15.4996	1.52526e+09	3.14159	1.54485	0.415821	
15.5496	1.52526e+09	3.14159	1.42682	0.322143	
15.5996	1.52526e+09	3.14159	1.31265	0.8856	
15.6496	1.52526e+09	3.14159	1.46598	0.331041	
15.6996	1.52526e+09	3.14159	1.35854	0.876189	
15.7497	1.52526e+09	3.14159	1.2954	0.422531	
15.7997	1.52526e+09	3.14159	1.28398	0.845413	
15.8496	1.52526e+09	3.14159	1.26375	0.778551	
15.8999	1.52526e+09	3.14159	1.26132	0.87728	
15.9496	1.52526e+09	3.14159	1.27058	0.392729	
15.9996	1.52526e+09	3.14159	1.26964	0.785325	
16.0496	1.52526e+09	3.14159	1.27629	0.828074	
16.0996	1.52526e+09	3.14159	1.27926	0.417465	
16.1496	1.52526e+09	3.14159	1.29005	0.409055	
16.2	1.52526e+09	3.14159	1.28487	0.406812	
16.2496	1.52526e+09	3.14159	1.26369	0.346125	
16.2996	1.52526e+09	3.14159	1.28106	0.378813	
16.3497	1.52526e+09	3.14159	1.27025	0.822102	
16.3997	1.52526e+09	3.14159	1.29267	0.350176	
16.4496	1.52526e+09	3.14159	1.45313	0.393532	
16.4996	1.52526e+09	3.14159	1.30446	0.385446	
16.5496	1.52526e+09	3.14159	1.26756	0.367282	
16.5996	1.52526e+09	3.14159	1.31681	0.399119	
16.6496	1.52526e+09	3.14159	1.27538	0.355075	
16.6996	1.52526e+09	3.14159	1.29692	0.365952	
16.7496	1.52526e+09	3.14159	1.30405	0.351817	
16.7996	1.52526e+09	3.14159	1.27009	0.384774	
16.8496	1.52526e+09	3.14159	1.27127	0.390598	
16.8999	1.52526e+09	3.14159	1.4195	0.401872	
16.9499	1.52526e+09	3.14159	1.28713	0.333691	
16.9997	1.52526e+09	3.14159	1.28214	0.376724	
17.0496	1.52526e+09	3.14159	1.26829	0.34453	
17.0996	1.52526e+09	3.14159	1.28595	0.800394	
17.1501	1.52526e+09	3.14159	1.32955	0.328318	
17.1997	1.52526e+09	3.14159	1.29072	0.819654	
17.2496	1.52526e+09	3.14159	1.34868	0.794736	
17.2996	1.52526e+09	3.14159	1.26314	0.386716	
17.3496	1.52526e+09	3.14159	1.27271	0.785794	
17.4001	1.52526e+09	3.14159	1.29875	0.807616	
17.4496	1.52526e+09	3.14159	1.27764	0.413493	
17.4996	1.52526e+09	3.14159	1.27915	0.799185	
17.5496	1.52526e+09	3.14159	1.27532	0.384728	
17.5996	1.52526e+09	3.14159	1.26689	0.359718	
17.6498	1.52526e+09	3.14159	1.33973	0.451355	
17.6996	1.52526e+09	3.14159	1.29062	0.41961	
17.7496	1.52526e+09	3.14159	1.28953	0.336302	
17.7996	1.52526e+09	3.14159	1.37239	0.856117	
17.85	1.52526e+09	3.14159	1.26715	0.387712	
17.8996	1.52526e+09	3.14159	1.31142	0.373479	
17.9496	1.52526e+09	3.14159	1.7842	0.404986	
17.9996	1.52526e+09	3.14159	1.28311	0.336714	
18.0496	1.52526e+09	3.14159	1.28238	0.341444	
18.0999	1.52526e+09	3.14159	1.26999	0.874018	
18.1502	1.52526e+09	3.14159	1.3025	0.970087	
18.2003	1.52526e+09	3.14159	1.28164	0.348194	
18.2496	1.52526e+09	3.14159	1.28822	0.78211	
18.2999	1.52526e+09	3.14159	1.3387	0.874302	
18.3499	1.52526e+09	3.14159	1.30145	0.32838	
18.3996	1.52526e+09	3.14159	1.2916	0.792747	
18.45	1.52526e+09	3.14159	1.27803	0.416328	
18.5	1.52526e+09	3.14159	1.26981	0.365899	
18.5496	1.52526e+09	3.14159	1.29413	0.845282	
18.5996	1.52526e+09	3.14159	1.28094	0.340883	
18.6496	1.52526e+09	3.14159	1.29815	0.381738	
18.6996	1.52526e+09	3.14159	1.28911	0.473375	
18.7496	1.52526e+09	3.14159	1.27837	0.401047	
18.7996	1.52526e+09	3.14159	1.28426	0.372602	
18.8496	1.52526e+09	3.14159	1.45715	0.39193	
18.8996	1.52526e+09	3.14159	1.31819	0.354687	
18.9496	1.52526e+09	3.14159	1.31603	0.392676	
18.9996	1.52526e+09	3.14159	1.29994	0.797422	
19.0496	1.52526e+09	3.14159	1.27146	0.432005	
19.0996	1.52526e+09	3.14159	1.28148	0.379723	
19.1497	1.52526e+09	3.14159	1.26674	0.486091	
19.1996	1.52526e+09	3.14159	1.29815	0.781189	
19.2496	1.52526e+09	3.14159	1.2761	0.326707	
19.2996	1.52526e+09	3.14159	1.33672	0.777653	
19.3496	1.52526e+09	3.14159	1.29163	0.337204	
19.3996	1.52526e+09	3.14159	1.29336	0.386533	
19.4497	1.52526e+09	3.14159	1.30777	0.842654	
19.5013	1.52526e+09	3.14159	1.27982	0.833554	
19.5502	1.52526e+09	3.14159	1.29237	0.385515	
19.6001	1.52526e+09	3.14159	1.27624	0.401824	
19.6496	1.52526e+09	3.14159	1.25877	0.343033	
19.6996	1.52526e+09	3.14159	1.28985	0.763377	
19.7497	1.52526e+09	3.14159	1.28083	0.324973	
19.7996	1.52526e+09	3.14159	1.2897	0.344142	
19.8496	1.52526e+09	3.14159	1.37366	0.79345	
19.8996	1.52526e+09	3.14159	1.33729	0.79411	
19.9498	1.52526e+09	3.14159	1.3362	0.84926	
19.9996	1.52526e+09	3.14159	1.29064	0.832746	
20.0496	1.52526e+09	3.14159	1.31115	0.376751	
20.0996	1.52526e+09	3.14159	1.27191	0.328889	
20.1496	1.52526e+09	3.14159	1.30781	0.375086	
20.1996	1.52526e+09	3.14159	1.34028	0.34462	
20.2496	1.52526e+09	3.14159	1.31236	0.377537	
20.2996	1.52526e+09	3.14159	1.28374	0.773776	
20.3497	1.52526e+09	3.14159	1.27411	0.330698	
20.3996	1.52526e+09	3.14159	1.28212	0.373746	
20.4496	1.52526e+09	3.14159	1.28565	0.331168	
20.4996	1.52526e+09	3.14159	1.30343	0.32941	
20.5496	1.52526e+09	3.14159	1.31765	0.41414	
20.5996	1.52526e+09	3.14159	1.33297	0.758384	
20.6496	1.52526e+09	3.14159	1.30068	0.370203	
20.6996	1.52526e+09	3.14159	1.335	0.33988	
20.7501	1.52526e+09	3.14159	1.26878	0.329392	
20.7999	1.52526e+09	3.14159	1.38203	0.435766	
20.8496	1.52526e+09	3.14159	1.43032	0.374706	
20.8996	1.52526e+09	3.14159	1.31391	0.368985	
20.9496	1.52526e+09	3.14159	1.34265	0.815778	
20.9996	1.52526e+09	3.14159	1.36744	0.994702	
21.0501	1.52526e+09	3.14159	1.30551	0.364366	
21.0996	1.52526e+09	3.14159	1.29013	0.837701	
21.1497	1.52526e+09	3.14159	1.30726	0.341599	
21.1996	1.52526e+09	3.14159	1.29525	0.389641	
21.2496	1.52526e+09	3.14159	1.34133	0.393377	
21.2996	1.52526e+09	3.14159	1.27477	0.367084	
21.3496	1.52526e+09	3.14159	1.31434	0.333517	
21.3996	1.52526e+09	3.14159	1.32489	0.840901	
21.4496	1.52526e+09	3.14159	1.30378	0.392126	
21.4996	1.52526e+09	3.14159	1.29614	0.318676	
21.5496	1.52526e+09	3.14159	1.31867	0.330183	
21.5996	1.52526e+09	3.14159	1.31871	0.345164	
21.6496	1.52526e+09	3.14159	1.29283	0.761478	
21.6997	1.52526e+09	3.14159	1.3383	0.406171	
21.7496	1.52526e+09	3.14159	1.29248	0.774845	
21.7996	1.52526e+09	3.14159	1.28482	0.318986	
21.8496	1.52526e+09	3.14159	1.31285	0.750476	
21.8999	1.52526e+09	3.14159	1.31198	0.364705	
21.9496	1.52526e+09	3.14159	1.41926	0.331705	
21.9996	1.52526e+09	3.14159	1.31076	0.341095	
22.0496	1.52526e+09	3.14159	1.31558	0.923942	
22.0997	1.52526e+09	3.14159	1.30848	0.780869	
22.1496	1.52526e+09	3.14159	1.35815	0.391695	
22.1996	1.52526e+09	3.14159	1.29816	0.902146	
22.2496	1.52526e+09	3.14159	1.34586	0.418786	
22.2996	1.52526e+09	3.14159	1.38817	0.818499	
22.3496	1.52526e+09	3.14159	1.31347	0.359412	
22.3998	1.52526e+09	3.14159	1.3597	0.334204	
22.4496	1.52526e+09	3.14159	1.33792	0.335965	
22.4996	1.52526e+09	3.14159	1.29777	0.31905	
22.5496	1.52526e+09	3.14159	1.31501	0.342851	
22.5996	1.52526e+09	3.14159	1.35399	0.783419	
22.6496	1.52526e+09	3.14159	1.32397	0.34491	
22.6996	1.52526e+09	3.14159	1.44313	0.771359	
22.7496	1.52526e+09	3.14159	1.36839	0.356721	
22.7996	1.52526e+09	3.14159	1.34301	0.40356	
22.85	1.52526e+09	3.14159	1.36627	0.420437	
22.8996	1.52526e+09	3.14159	1.34574	0.398293	
22.9498	1.52526e+09	3.14159	1.35485	0.394959	
22.9996	1.52526e+09	3.14159	1.3184	0.935577	
23.0496	1.52526e+09	3.14159	1.30411	0.885043	
23.0996	1.52526e+09	3.14159	1.34262	0.362297	
23.1496	1.52526e+09	3.14159	1.39083	0.836679	
23.1998	1.52526e+09	3.14159	1.32551	0.411906	
23.2496	1.52526e+09	3.14159	1.32448	0.401464	
23.2996	1.52526e+09	3.14159	1.34767	0.756698	
23.3496	1.52526e+09	3.14159	1.35454	0.852947	
23.3996	1.52526e+09	3.14159	1.38758	0.452533	
23.45	1.52526e+09	3.14159	1.32621	0.448915	
23.4996	1.52526e+09	3.14159	1.31166	0.333032	
23.5496	1.52526e+09	3.14159	1.34628	0.445812	
23.5996	1.52526e+09	3.14159	1.32487	0.412919	
23.6496	1.52526e+09	3.14159	1.29876	0.379129	
23.6996	1.52526e+09	3.14159	1.30913	0.767204	
23.7497	1.52526e+09	3.14159	1.281	0.789331	
23.7996	1.52526e+09	3.14159	1.34306	0.347844	
23.85	1.52526e+09	3.14159	1.3172	0.963358	
23.8998	1.52526e+09	3.14159	1.27566	0.382853	
23.9496	1.52526e+09	3.14159	1.27542	0.336393	
23.9998	1.52526e+09	3.14159	1.26396	0.865287	
24.0498	1.52526e+09	3.14159	1.31173	0.769609	
24.0996	1.52526e+09	3.14159	1.27763	0.412272	
24.1496	1.52526e+09	3.14159	1.27264	0.382218	
24.1996	1.52526e+09	3.14159	1.29931	0.829085	
24.2496	1.52526e+09	3.14159	1.31979	0.405242	
24.2996	1.52526e+09	3.14159	1.31298	0.347884	
24.3496	1.52526e+09	3.14159	1.3312	0.336681	
24.3996	1.52526e+09	3.14159	1.33699	0.34991	
24.4496	1.52526e+09	3.14159	1.25995	0.344858	
24.4996	1.52526e+09	3.14159	1.38266	0.385811	
24.5496	1.52526e+09	3.14159	1.3141	0.339762	
24.5998	1.52526e+09	3.14159	1.67083	0.410331	
24.6499	1.52526e+09	3.14159	1.48007	0.371962	
24.6996	1.52526e+09	3.14159	1.38121	0.804246	
24.75	1.52526e+09	3.14159	1.56411	0.344037	
24.7996	1.52526e+09	3.14159	1.48256	0.32848	
24.8496	1.52526e+09	3.14159	1.28574	0.760559	
24.9002	1.52526e+09	3.14159	1.28272	0.886175	
24.9496	1.52526e+09	3.14159	1.38565	0.365316	
24.9996	1.52526e+09	3.14159	1.2575	0.784795	
25.0496	1.52526e+09	3.14159	1.26163	0.406248	
25.0996	1.52526e+09	3.14159	1.28728	0.347563	
25.1496	1.52526e+09	3.14159	1.29825	0.396553	
25.1996	1.52526e+09	3.14159	1.27309	0.362754	
25.2496	1.52526e+09	3.14159	1.30584	0.330001	
25.2996	1.52526e+09	3.14159	1.31021	0.777141	
25.3496	1.52526e+09	3.14159	1.3157	0.756634	
25.3997	1.52526e+09	3.14159	1.3077	0.806857	
25.4496	1.52526e+09	3.14159	1.25754	0.347268	
25.4996	1.52526e+09	3.14159	1.2681	0.335215	
25.5496	1.52526e+09	3.14159	1.27056	0.775743	
25.5996	1.52526e+09	3.14159	1.30679	0.338061	
25.6496	1.52526e+09	3.14159	1.28383	0.341	
25.6997	1.52526e+09	3.14159	1.26237	0.41652	
25.7496	1.52526e+09	3.14159	1.26852	0.895916	
25.7996	1.52526e+09	3.14159	1.31923	0.792142	
25.8496	1.52526e+09	3.14159	1.3026	0.337245	
25.8996	1.52526e+09	3.14159	1.31981	0.343061	
25.9496	1.52526e+09	3.14159	1.27619	0.791138	
26.0005	1.52526e+09	3.14159	1.49679	0.381324	
26.05	1.52526e+09	3.14159	1.42027	0.325699	
26.0996	1.52526e+09	3.14159	1.31343	0.347435	
26.1496	1.52526e+09	3.14159	1.28277	0.923511	
26.1999	1.52526e+09	3.14159	1.34573	0.477325	
26.2496	1.52526e+09	3.14159	1.27662	0.430305	
26.3	1.52526e+09	3.14159	1.28274	0.416089	
26.3496	1.52526e+09	3.14159	1.35825	0.456435	
26.3999	1.52526e+09	3.14159	1.27854	0.511303	
26.4497	1.52526e+09	3.14159	1.26522	0.769063	
26.5003	1.52526e+09	3.14159	1.25435	0.337442	
26.5496	1.52526e+09	3.14159	1.29972	0.40019	
26.5996	1.52526e+09	3.14159	1.27214	0.449795	
26.6496	1.52526e+09	3.14159	1.26144	0.789872	
26.6999	1.52526e+09	3.14159	1.29518	0.790389	
26.7496	1.52526e+09	3.14159	1.27402	0.364829	
26.7996	1.52526e+09	3.14159	1.28514	0.768169	
26.8496	1.52526e+09	3.14159	1.33518	0.323682	
26.8996	1.52526e+09	3.14159	1.28451	0.329307	
26.9496	1.52526e+09	3.14159	1.3012	0.383697	
26.9996	1.52526e+09	3.14159	1.29342	0.36545	
27.0496	1.52526e+09	3.14159	1.31138	0.835813	
27.0998	1.52526e+09	3.14159	1.31577	0.374433	
27.1496	1.52526e+09	3.14159	1.2715	0.806521	
27.1996	1.52526e+09	3.14159	1.2736	0.877866	
27.2496	1.52526e+09	3.14159	1.27738	0.376817	
27.2998	1.52526e+09	3.14159	1.3205	0.451387	
27.3496	1.52526e+09	3.14159	1.26537	0.790943	
27.3996	1.52526e+09	3.14159	1.28526	0.339572	
27.4496	1.52526e+09	3.14159	1.28677	0.79958	
27.4997	1.52526e+09	3.14159	1.27989	0.34294	
27.5499	1.52526e+09	3.14159	1.30367	0.385685	
27.5996	1.52526e+09	3.14159	1.30349	0.906333	
27.6502	1.52526e+09	3.14159	1.31742	0.365476	
27.6996	1.52526e+09	3.14159	1.27872	0.367975	
27.7496	1.52526e+09	3.14159	1.31652	0.332332	
27.7996	1.52526e+09	3.14159	1.31447	0.421483	
27.8496	1.52526e+09	3.14159	1.28625	0.372611	
27.8996	1.52526e+09	3.14159	1.29912	0.361747	
27.9496	1.52526e+09	3.14159	1.31467	0.775679	
27.9996	1.52526e+09	3.14159	1.29589	0.387001	
28.0496	1.52526e+09	3.14159	1.2769	0.764393	
28.0996	1.52526e+09	3.14159	1.27286	0.397016	
28.1496	1.52526e+09	3.14159	1.27534	0.41388	
28.1996	1.52526e+09	3.14159	1.29671	0.439542	
28.2496	1.52526e+09	3.14159	1.3141	0.355774	
28.2996	1.52526e+09	3.14159	1.29478	0.354072	
28.3496	1.52526e+09	3.14159	1.27484	0.521194	
28.3996	1.52526e+09	3.14159	1.50753	0.758023	
28.4496	1.52526e+09	3.14159	1.29516	0.381722	
28.4996	1.52526e+09	3.14159	1.31319	0.344678	
28.5496	1.52526e+09	3.14159	1.28455	0.755741	
28.5996	1.52526e+09	3.14159	1.31277	0.791599	
28.6496	1.52526e+09	3.14159	1.29894	0.783401	
28.6996	1.52526e+09	3.14159	1.2838	0.851605	
28.7496	1.52526e+09	3.14159	1.2734	0.376457	
28.7996	1.52526e+09	3.14159	1.27058	0.809779	
28.8501	1.52526e+09	3.14159	1.2934	0.337432	
28.8996	1.52526e+09	3.14159	1.29728	0.335562	
28.9496	1.52526e+09	3.14159	1.3287	0.342181	
28.9996	1.52526e+09	3.14159	1.26894	0.335863	
29.0496	1.52526e+09	3.14159	1.31988	0.328975	
29.0996	1.52526e+09	3.14159	1.55219	0.328153	
29.1496	1.52526e+09	3.14159	1.38256	0.384426	
29.1996	1.52526e+09	3.14159	1.35919	0.360744	
29.2496	1.52526e+09	3.14159	1.29721	0.372673	
29.2996	1.52526e+09	3.14159	1.29583	0.798525	
29.3496	1.52526e+09	3.14159	1.35195	0.831503	
29.3996	1.52526e+09	3.14159	1.28387	0.827503	
29.4497	1.52526e+09	3.14159	1.27345	0.362394	
29.4996	1.52526e+09	3.14159	1.2613	0.769989	
29.5496	1.52526e+09	3.14159	1.29012	0.410467	
29.5996	1.52526e+09	3.14159	1.34613	0.861351	
29.6496	1.52526e+09	3.14159	1.28517	0.333947	
29.6996	1.52526e+09	3.14159	1.29468	0.855735	
29.7496	1.52526e+09	3.14159	1.26937	0.833994	
29.7996	1.52526e+09	3.14159	1.28298	0.468772	
29.8496	1.52526e+09	3.14159	1.28454	0.330277	
29.8996	1.52526e+09	3.14159	1.5991	0.764555	
29.9496	1.52526e+09	3.14159	1.29146	0.815909	
29.9996	1.52526e+09	3.14159	1.25724	0.429663	
30.0496	1.52526e+09	3.14159	1.2809	0.329915	
30.0996	1.52526e+09	3.14159	1.34433	0.384616	
30.1496	1.52526e+09	3.14159	1.51405	0.341004	
30.1996	1.52526e+09	3.14159	1.26321	0.338592	
30.2496	1.52526e+09	3.14159	1.28431	0.350533	
30.2996	1.52526e+09	3.14159	1.29875	0.329082	
30.3496	1.52526e+09	3.14159	1.28778	0.372084	
30.3996	1.52526e+09	3.14159	1.2889	0.47672	
30.4496	1.52526e+09	3.14159	1.26169	0.865704	
30.4996	1.52526e+09	3.14159	1.28443	0.338391	
30.5496	1.52526e+09	3.14159	1.29035	0.380525	
30.5998	1.52526e+09	3.14159	1.28309	0.452236	
30.6496	1.52526e+09	3.14159	1.26713	0.99769	
30.6996	1.52526e+09	3.14159	1.28351	0.394378	
30.7496	1.52526e+09	3.14159	1.30255	0.385348	
30.7996	1.52526e+09	3.14159	1.33398	0.342908	
30.8496	1.52526e+09	3.14159	1.27802	0.792312	
30.8996	1.52526e+09	3.14159	1.27673	0.876479	
30.9499	1.52526e+09	3.14159	1.28844	0.871262	
30.9996	1.52526e+09	3.14159	1.27272	0.409256	
31.0496	1.52526e+09	3.14159	1.31648	0.350397	
31.0996	1.52526e+09	3.14159	1.26839	0.433161	
31.1496	1.52526e+09	3.14159	1.35172	0.825728	
31.1996	1.52526e+09	3.14159	1.40753	0.778931	
31.2496	1.52526e+09	3.14159	1.42878	0.370248	
31.2996	1.52526e+09	3.14159	1.38605	0.797405	
31.35	1.52526e+09	3.14159	1.29625	0.332577	
31.3996	1.52526e+09	3.14159	1.2653	0.809404	
31.4496	1.52526e+09	3.14159	1.27376	0.782547	
31.4996	1.52526e+09	3.14159	1.29359	0.80877	
31.5496	1.52526e+09	3.14159	1.27085	0.346966	
31.5996	1.52526e+09	3.14159	1.29134	0.339498	
31.65	1.52526e+09	3.14159	1.27409	0.461848	
31.6996	1.52526e+09	3.14159	1.28964	0.422068	
31.75	1.52526e+09	3.14159	1.28662	0.451697	
31.7996	1.52526e+09	3.14159	1.28272	0.344109	
31.8496	1.52526e+09	3.14159	1.27605	0.879378	
31.8996	1.52526e+09	3.14159	1.30518	0.943918	
31.9496	1.52526e+09	3.14159	1.27769	0.335121	
31.9997	1.52526e+09	3.14159	1.28526	0.761045	
32.0496	1.52526e+09	3.14159	1.26292	0.363909	
32.0996	1.52526e+09	3.14159	1.28061	0.385029	
32.1496	1.52526e+09	3.14159	1.30229	0.340557	
32.1996	1.52526e+09	3.14159	1.27747	0.885968	
32.2496	1.52526e+09	3.14159	1.2939	0.36325	
32.2996	1.52526e+09	3.14159	1.26384	0.775458	
32.3496	1.52526e+09	3.14159	1.29288	0.398018	
32.3996	1.52526e+09	3.14159	1.27926	0.480718	
32.4496	1.52526e+09	3.14159	1.28025	0.980023	
32.4996	1.52526e+09	3.14159	1.34705	0.360867	
32.55	1.52526e+09	3.14159	1.27995	0.962876	
32.5996	1.52526e+09	3.14159	1.27828	0.310512	
32.6496	1.52526e+09	3.14159	1.2771	0.775208	
32.6996	1.52526e+09	3.14159	1.30587	0.386028	
32.7496	1.52526e+09	3.14159	1.28691	0.346931	
32.7996	1.52526e+09	3.14159	1.2654	0.826441	
32.8496	1.52526e+09	3.14159	1.26574	0.339633	
32.8996	1.52526e+09	3.14159	1.28546	0.763847	
32.9498	1.52526e+09	3.14159	1.27934	0.497438	
33	1.52526e+09	3.14159	1.31198	0.550522	
33.0496	1.52526e+09	3.14159	1.27585	0.345972	
33.0996	1.52526e+09	3.14159	1.26762	0.33718	
33.1496	1.52526e+09	3.14159	1.27316	0.844219	
33.1998	1.52526e+09	3.14159	1.30994	0.844482	
33.2496	1.52526e+09	3.14159	1.2797	0.838687	
33.3	1.52526e+09	3.14159	1.28426	0.369442	
33.3498	1.52526e+09	3.14159	1.29554	0.471892	
33.3996	1.52526e+09	3.14159	1.2741	0.369753	
33.4496	1.52526e+09	3.14159	1.26305	0.363775	
33.4996	1.52526e+09	3.14159	1.28505	0.344782	
33.5496	1.52526e+09	3.14159	1.26239	0.768894	
33.6	1.52526e+09	3.14159	1.27566	1.06815	
33.6496	1.52526e+09	3.14159	1.27361	0.936874	
33.6996	1.52526e+09	3.14159	1.30878	0.326059	
33.7496	1.52526e+09	3.14159	1.26489	0.30788	
33.7996	1.52526e+09	3.14159	1.31448	0.490548	
33.8496	1.52526e+09	3.14159	1.27906	0.777253	
33.8996	1.52526e+09	3.14159	1.31084	0.453334	
33.9499	1.52526e+09	3.14159	1.60041	1.01495	
33.9996	1.52526e+09	3.14159	1.31022	0.381684	
34.0496	1.52526e+09	3.14159	1.25574	0.784559	
34.0996	1.52526e+09	3.14159	1.26647	0.373373	
34.1496	1.52526e+09	3.14159	1.27291	0.330893	
34.1996	1.52526e+09	3.14159	1.3042	0.372681	
34.2496	1.52526e+09	3.14159	1.27727	0.347556	
34.2996	1.52526e+09	3.14159	1.29625	0.370569	
34.3496	1.52526e+09	3.14159	1.2858	0.352042	
34.3996	1.52526e+09	3.14159	1.28355	0.376877	
34.4496	1.52526e+09	3.14159	1.28116	0.354683	
34.4996	1.52526e+09	3.14159	1.29132	0.340516	
34.5496	1.52526e+09	3.14159	1.69965	0.343653	
34.5996	1.52526e+09	3.14159	1.2861	0.36776	
34.6497	1.52526e+09	3.14159	1.32739	0.84405	
34.6996	1.52526e+09	3.14159	1.52831	0.777279	
34.75	1.52526e+09	3.14159	1.30584	0.905867	
34.8001	1.52526e+09	3.14159	1.31308	0.382831	
34.8496	1.52526e+09	3.14159	1.36383	0.379134	
34.8996	1.52526e+09	3.14159	1.2745	0.468045	
34.9496	1.52526e+09	3.14159	1.37702	0.486324	
34.9996	1.52526e+09	3.14159	1.29362	0.34522	
35.0496	1.52526e+09	3.14159	1.26478	0.377064	
35.0996	1.52526e+09	3.14159	1.29461	0.887539	
35.1496	1.52526e+09	3.14159	1.38374	0.386255	
35.1996	1.52526e+09	3.14159	1.30498	0.333863	
35.2496	1.52526e+09	3.14159	1.28141	0.337415	
35.2996	1.52526e+09	3.14159	1.27711	0.367736	
35.3497	1.52526e+09	3.14159	1.28268	0.975162	
35.3996	1.52526e+09	3.14159	1.31007	0.367813	
35.4496	1.52526e+09	3.14159	1.27981	0.762485	
35.4996	1.52526e+09	3.14159	1.36237	0.433655	
35.5496	1.52526e+09	3.14159	1.27366	0.340153	
35.5997	1.52526e+09	3.14159	1.2913	0.332532	
35.6496	1.52526e+09	3.14159	1.27482	0.353016	
35.6996	1.52526e+09	3.14159	1.27626	0.799079	
35.7496	1.52526e+09	3.14159	1.26859	0.842781	
35.7996	1.52526e+09	3.14159	1.2687	0.354125	
35.8496	1.52526e+09	3.14159	1.26892	0.774377	
35.8996	1.52526e+09	3.14159	1.29493	0.45404	
35.9496	1.52526e+09	3.14159	1.27055	0.433125	
35.9996	1.52526e+09	3.14159	1.29299	0.329831	
36.0496	1.52526e+09	3.14159	1.27171	0.791607	
36.0996	1.52526e+09	3.14159	1.29079	0.861631	
36.1503	1.52526e+09	3.14159	1.30568	0.787286	
36.1996	1.52526e+09	3.14159	1.29939	0.365488	
36.2496	1.52526e+09	3.14159	1.26691	0.33489	
36.2996	1.52526e+09	3.14159	1.31285	0.334	
36.3496	1.52526e+09	3.14159	1.44352	0.763964	
36.4	1.52526e+09	3.14159	1.46563	0.34341	
36.4496	1.52526e+09	3.14159	1.46691	0.341121	
36.4996	1.52526e+09	3.14159	1.44111	0.340898	
36.5496	1.52526e+09	3.14159	1.32792	0.344959	
36.5996	1.52526e+09	3.14159	1.445	0.336006	
36.6496	1.52526e+09	3.14159	1.33106	0.377859	
36.6996	1.52526e+09	3.14159	1.31144	0.947263	
36.7499	1.52526e+09	3.14159	1.3763	0.440676	
36.7996	1.52526e+09	3.14159	1.32092	0.487595	
36.8499	1.52526e+09	3.14159	1.29542	0.391508	
36.8996	1.52526e+09	3.14159	1.27789	0.854505	
36.9496	1.52526e+09	3.14159	1.3124	0.994606	
36.9996	1.52526e+09	3.14159	1.32268	0.336185	
37.0496	1.52526e+09	3.14159	1.29193	0.336904	
37.0999	1.52526e+09	3.14159	1.36878	0.440557	
37.1496	1.52526e+09	3.14159	1.42904	0.337952	
37.1996	1.52526e+09	3.14159	1.32942	0.39452	
37.2496	1.52526e+09	3.14159	1.47858	0.369497	
37.2996	1.52526e+09	3.14159	1.40361	0.330342	
37.3496	1.52526e+09	3.14159	1.2972	0.824186	
37.4001	1.52526e+09	3.14159	1.31144	0.781913	
37.4496	1.52526e+09	3.14159	1.30017	0.772165	
37.4996	1.52526e+09	3.14159	1.32886	0.825678	
37.5496	1.52526e+09	3.14159	1.46733	0.342709	
37.5996	1.52526e+09	3.14159	1.28371	0.349131	
37.6496	1.52526e+09	3.14159	1.29291	0.336921	
37.6996	1.52526e+09	3.14159	1.27903	0.774276	
37.7496	1.52526e+09	3.14159	1.26733	0.858063	
37.8002	1.52526e+09	3.14159	1.36965	0.397795	
37.8496	1.52526e+09	3.14159	1.2912	0.332623	
37.8996	1.52526e+09	3.14159	1.28924	0.331587	
37.9496	1.52526e+09	3.14159	1.30168	0.947063	
38	1.52526e+09	3.14159	1.35579	0.371783	
38.0496	1.52526e+09	3.14159	1.28703	0.372837	
38.0996	1.52526e+09	3.14159	1.28074	0.783587	
38.1501	1.52526e+09	3.14159	1.31324	0.344628	
38.1996	1.52526e+09	3.14159	1.28347	0.35999	
38.2496	1.52526e+09	3.14159	1.28066	0.342265	
38.2996	1.52526e+09	3.14159	1.28231	0.343517	
38.3496	1.52526e+09	3.14159	1.30293	0.362947	
38.3996	1.52526e+09	3.14159	1.28009	0.340734	
38.4496	1.52526e+09	3.14159	1.27928	0.744998	
38.4998	1.52526e+09	3.14159	1.26401	0.372831	
38.5496	1.52526e+09	3.14159	1.30582	0.373518	
38.5996	1.52526e+09	3.14159	1.27419	0.374665	
38.6496	1.52526e+09	3.14159	1.28073	0.758567	
38.6996	1.52526e+09	3.14159	1.29293	0.775402	
38.7496	1.52526e+09	3.14159	1.27751	0.375919	
38.7996	1.52526e+09	3.14159	1.32849	0.855966	
38.8497	1.52526e+09	3.14159	1.26549	0.930981	
38.8996	1.52526e+09	3.14159	1.27861	0.42208	
38.9496	1.52526e+09	3.14159	1.28741	0.368448	
38.9996	1.52526e+09	3.14159	1.29864	0.340202	
39.0496	1.52526e+09	3.14159	1.29092	0.367946	
39.1001	1.52526e+09	3.14159	1.26526	0.335538	
39.1496	1.52526e+09	3.14159	1.29624	0.774088	
39.1996	1.52526e+09	3.14159	1.28621	0.794127	
39.25	1.52526e+09	3.14159	1.29748	0.3784	
39.2998	1.52526e+09	3.14159	1.27993	0.909385	
39.3503	1.52526e+09	3.14159	1.32857	0.819849	
39.3996	1.52526e+09	3.14159	1.29762	0.361243	
39.4496	1.52526e+09	3.14159	1.29209	0.327737	
39.4996	1.52526e+09	3.14159	1.28817	0.340664	
39.5496	1.52526e+09	3.14159	1.29807	0.316747	
39.5996	1.52526e+09	3.14159	1.3103	0.340556	
39.65	1.52526e+09	3.14159	1.27315	0.947524	
39.7002	1.52526e+09	3.14159	1.30819	0.343671	
39.7496	1.52526e+09	3.14159	1.28893	0.342906	
39.7996	1.52526e+09	3.14159	1.26739	0.803324	
39.8496	1.52526e+09	3.14159	1.3458	0.404166	
39.8996	1.52526e+09	3.14159	1.32186	0.632336	
39.9496	1.52526e+09	3.14159	1.26535	0.804754	
39.9996	1.52526e+09	3.14159	1.30557	0.447787	
40.0496	1.52526e+09	3.14159	1.28565	0.329165	
40.0996	1.52526e+09	3.14159	1.27159	0.840789	
40.1496	1.52526e+09	3.14159	1.30816	0.424598	
40.1996	1.52526e+09	3.14159	1.39242	0.81162	
40.2496	1.52526e+09	3.14159	1.31484	0.402383	
40.2996	1.52526e+09	3.14159	1.33089	0.377034	
40.3496	1.52526e+09	3.14159	1.45187	0.372177	
40.3996	1.52526e+09	3.14159	1.37272	0.34021	
40.4496	1.52526e+09	3.14159	1.26288	0.732362	
40.5	1.52526e+09	3.14159	1.29643	0.338412	
40.5496	1.52526e+09	3.14159	1.40175	0.351222	
40.5996	1.52526e+09	3.14159	1.3999	0.408132	
40.6496	1.52526e+09	3.14159	1.58711	0.342056	
40.6996	1.52526e+09	3.14159	1.60109	0.825643	
40.7496	1.52526e+09	3.14159	1.38455	0.333387	
40.7996	1.52526e+09	3.14159	1.31758	0.824599	
40.8496	1.52526e+09	3.14159	1.3196	0.340272	
40.8996	1.52526e+09	3.14159	1.28885	0.899608	
40.9501	1.52526e+09	3.14159	1.29591	0.342928	
40.9996	1.52526e+09	3.14159	1.28753	0.362327	
41.0501	1.52526e+09	3.14159	1.26244	0.928904	
41.1004	1.52526e+09	3.14159	1.28443	0.340393	
41.1496	1.52526e+09	3.14159	1.28948	0.326334	
41.1996	1.52526e+09	3.14159	1.29096	0.338869	
41.2496	1.52526e+09	3.14159	1.27882	1.01564	
41.2996	1.52526e+09	3.14159	1.26831	0.36453	
41.3496	1.52526e+09	3.14159	1.40245	0.845078	
41.3996	1.52526e+09	3.14159	1.42769	0.774785	
41.4496	1.52526e+09	3.14159	1.43949	0.381558	
41.4996	1.52526e+09	3.14159	1.30339	0.793967	
41.5496	1.52526e+09	3.14159	1.36584	0.38413	
41.5996	1.52526e+09	3.14159	1.27487	0.533165	
41.6496	1.52526e+09	3.14159	1.28315	0.779169	
41.6996	1.52526e+09	3.14159	1.2785	0.377364	
41.7496	1.52526e+09	3.14159	1.26929	0.331507	
41.8	1.52526e+09	3.14159	1.27846	0.420492	
41.8497	1.52526e+09	3.14159	1.33783	0.378101	
41.8996	1.52526e+09	3.14159	1.28798	0.340858	
41.9496	1.52526e+09	3.14159	1.28495	0.354891	
41.9996	1.52526e+09	3.14159	1.28853	0.799815	
42.0496	1.52526e+09	3.14159	1.26549	0.401141	
42.1	1.52526e+09	3.14159	1.31901	0.428849	
42.1498	1.52526e+09	3.14159	1.28261	0.456628	
42.1996	1.52526e+09	3.14159	1.28348	0.342347	
42.2496	1.52526e+09	3.14159	1.32627	0.844176	
42.2996	1.52526e+09	3.14159	1.29282	0.328005	
42.3496	1.52526e+09	3.14159	1.29749	0.342353	
42.3999	1.52526e+09	3.14159	1.29341	0.828305	
42.4496	1.52526e+09	3.14159	1.29191	0.350934	
42.4996	1.52526e+09	3.14159	1.28105	0.835504	
42.5498	1.52526e+09	3.14159	1.26191	0.912556	
42.6004	1.52526e+09	3.14159	1.27972	0.340101	
42.6496	1.52526e+09	3.14159	1.28318	0.774135	
42.6996	1.52526e+09	3.14159	1.28943	0.785903	
42.7496	1.52526e+09	3.14159	1.28319	0.390721	
42.7998	1.52526e+09	3.14159	1.26863	0.508236	
42.8496	1.52526e+09	3.14159	1.28406	0.468707	
42.8998	1.52526e+09	3.14159	1.27136	0.426429	
42.9496	1.52526e+09	3.14159	1.28648	0.336344	
43.0002	1.52526e+09	3.14159	1.28685	0.941919	
43.0496	1.52526e+09	3.14159	1.27523	0.364616	
43.0996	1.52526e+09	3.14159	1.2749	0.330908	
43.1496	1.52526e+09	3.14159	1.29351	0.439216	
43.1996	1.52526e+09	3.14159	1.29863	0.360234	
43.2496	1.52526e+09	3.14159	1.29099	0.77033	
43.2996	1.52526e+09	3.14159	1.31907	0.380999	
43.3496	1.52526e+09	3.14159	1.31114	0.8465	
43.3996	1.52526e+09	3.14159	1.30403	0.337815	
43.4496	1.52526e+09	3.14159	1.28684	0.391046	
43.4996	1.52526e+09	3.14159	1.25168	0.374145	
43.5496	1.52526e+09	3.14159	1.26146	0.362611	
43.5998	1.52526e+09	3.14159	1.30743	0.440353	
43.6496	1.52526e+09	3.14159	1.29213	0.860292	
43.6999	1.52526e+09	3.14159	1.52813	0.403395	
43.7496	1.52526e+09	3.14159	1.29681	0.377072	
43.7996	1.52526e+09	3.14159	1.29365	0.778686	
43.8496	1.52526e+09	3.14159	1.27814	0.348691	
43.8996	1.52526e+09	3.14159	1.31148	0.348389	
43.9496	1.52526e+09	3.14159	1.28289	0.318914	
43.9996	1.52526e+09	3.14159	1.29653	0.813848	
44.0496	1.52526e+09	3.14159	1.28591	0.365951	
44.0996	1.52526e+09	3.14159	1.28144	0.798901	
44.1496	1.52526e+09	3.14159	1.26467	0.799652	
44.1996	1.52526e+09	3.14159	1.37489	0.767518	
44.2496	1.52526e+09	3.14159	1.28845	0.342382	
44.2996	1.52526e+09	3.14159	1.29753	0.836872	
44.3496	1.52526e+09	3.14159	1.29759	0.3793	
44.3996	1.52526e+09	3.14159	1.28181	0.351024	
44.4496	1.52526e+09	3.14159	1.26896	0.399969	
44.4998	1.52526e+09	3.14159	1.32371	0.829084	
44.55	1.52526e+09	3.14159	1.28342	0.343744	
44.5996	1.52526e+09	3.14159	1.28681	0.372615	
44.6496	1.52526e+09	3.14159	1.29232	0.38691	
44.6998	1.52526e+09	3.14159	1.29455	0.893431	
44.7497	1.52526e+09	3.14159	1.27679	0.797544	
44.7996	1.52526e+09	3.14159	1.284	0.817368	
44.8501	1.52526e+09	3.14159	1.25988	0.340923	
44.8996	1.52526e+09	3.14159	1.37029	0.394696	
44.9496	1.52526e+09	3.14159	1.28331	0.327497	
44.9998	1.52526e+09	3.14159	1.29159	0.854551	
45.0497	1.52526e+09	3.14159	1.30122	0.384675	
45.0996	1.52526e+09	3.14159	1.26912	0.361711	
45.1496	1.52526e+09	3.14159	1.30283	0.837583	
45.1996	1.52526e+09	3.14159	1.30139	0.382339	
45.2496	1.52526e+09	3.14159	1.28451	0.339318	
45.2997	1.52526e+09	3.14159	1.31319	0.864552	
45.3496	1.52526e+09	3.14159	1.33593	0.336953	
45.4002	1.52526e+09	3.14159	1.30201	0.45185	
45.4496	1.52526e+09	3.14159	1.26673	0.802315	
45.4996	1.52526e+09	3.14159	1.26863	0.347188	
45.5496	1.52526e+09	3.14159	1.29744	0.34441	
45.5996	1.52526e+09	3.14159	1.41217	0.373838	
45.6496	1.52526e+09	3.14159	1.27562	0.510395	
45.6996	1.52526e+09	3.14159	1.26521	0.381647	
45.7496	1.52526e+09	3.14159	1.27078	0.345033	
45.7996	1.52526e+09	3.14159	1.2648	0.420098	
45.8496	1.52526e+09	3.14159	1.27935	0.333468	
45.8996	1.52526e+09	3.14159	1.28373	0.338091	
45.9496	1.52526e+09	3.14159	1.27679	0.862905	
46.0002	1.52526e+09	3.14159	1.29833	0.491558	
46.0496	1.52526e+09	3.14159	1.29062	0.351227	
46.0996	1.52526e+09	3.14159	1.26328	0.349535	
46.1496	1.52526e+09	3.14159	1.36218	0.350746	
46.1996	1.52526e+09	3.14159	1.27691	0.356932	
46.2498	1.52526e+09	3.14159	1.29059	0.912273	
46.2996	1.52526e+09	3.14159	1.27088	0.334924	
46.3496	1.52526e+09	3.14159	1.27898	0.366168	
46.3998	1.52526e+09	3.14159	1.28212	0.480596	
46.4499	1.52526e+09	3.14159	1.31901	0.823282	
46.4996	1.52526e+09	3.14159	1.34588	0.408096	
46.5496	1.52526e+09	3.14159	1.27003	0.870375	
46.5996	1.52526e+09	3.14159	1.27612	0.777187	
46.6496	1.52526e+09	3.14159	1.25812	0.774167	
46.6996	1.52526e+09	3.14159	1.34157	0.806844	
46.7496	1.52526e+09	3.14159	1.4294	0.420268	
46.7996	1.52526e+09	3.14159	1.37092	0.863001	
46.8498	1.52526e+09	3.14159	1.29413	0.96829	
46.9002	1.52526e+09	3.14159	1.41382	0.352167	
46.9496	1.52526e+09	3.14159	1.38872	0.377646	
46.9996	1.52526e+09	3.14159	1.43399	0.366349	
47.0496	1.52526e+09	3.14159	1.30181	0.369072	
47.0998	1.52526e+09	3.14159	1.2729	0.507411	
47.1496	1.52526e+09	3.14159	1.28249	0.335326	
47.2	1.52526e+09	3.14159	1.27157	0.490353	
47.2496	1.52526e+09	3.14159	1.28575	0.395141	
47.2996	1.52526e+09	3.14159	1.29077	0.805586	
47.3496	1.52526e+09	3.14159	1.26096	0.330827	
47.3998	1.52526e+09	3.14159	1.33719	0.465787	
47.4497	1.52526e+09	3.14159	1.29958	0.813797	
47.4996	1.52526e+09	3.14159	1.33899	0.355919	
47.5498	1.52526e+09	3.14159	1.33401	0.407717	
47.6001	1.52526e+09	3.14159	1.26203	0.925881	
47.6496	1.52526e+09	3.14159	1.28477	0.331047	
47.6999	1.52526e+09	3.14159	1.27936	0.38061	
47.7496	1.52526e+09	3.14159	1.32653	0.469002	
47.7996	1.52526e+09	3.14159	1.26953	0.787788	
47.8496	1.52526e+09	3.14159	1.28314	0.33268	
47.8996	1.52526e+09	3.14159	1.25452	0.75774	
47.9496	1.52526e+09	3.14159	1.29039	0.338439	
47.9996	1.52526e+09	3.14159	1.28576	0.940818	
48.0496	1.52526e+09	3.14159	1.25482	0.882537	
48.1003	1.52526e+09	3.14159	1.27987	0.363974	
48.1496	1.52526e+09	3.14159	1.29737	0.761946	
48.1996	1.52526e+09	3.14159	1.28634	0.373059	
48.2496	1.52526e+09	3.14159	1.28666	0.344178	
48.2996	1.52526e+09	3.14159	1.27034	0.348482	
48.3496	1.52526e+09	3.14159	1.2581	0.344698	
48.3996	1.52526e+09	3.14159	1.27801	0.412894	
48.4496	1.52526e+09	3.14159	1.28412	0.408025	
48.4996	1.52526e+09	3.14159	1.27611	0.345717	
48.5496	1.52526e+09	3.14159	1.28277	0.337055	
48.5996	1.52526e+09	3.14159	1.31403	0.758307	
48.6496	1.52526e+09	3.14159	1.28814	0.774176	
48.6996	1.52526e+09	3.14159	1.27555	0.386317	
48.7496	1.52526e+09	3.14159	1.32136	0.421786	
48.7996	1.52526e+09	3.14159	1.28559	0.785741	
48.8496	1.52526e+09	3.14159	1.31107	0.324771	
48.8996	1.52526e+09	3.14159	1.28194	0.492756	
48.9496	1.52526e+09	3.14159	1.26915	0.447599	
48.9997	1.52526e+09	3.14159	1.31256	0.844872	
49.0496	1.52526e+09	3.14159	1.35641	0.3755	
49.0996	1.52526e+09	3.14159	1.29951	0.85491	
49.1496	1.52526e+09	3.14159	1.31293	0.378308	
49.1996	1.52526e+09	3.14159	1.27544	0.434169	
49.2497	1.52526e+09	3.14159	1.38391	0.928771	
49.2996	1.52526e+09	3.14159	1.28382	0.351021	
49.3496	1.52526e+09	3.14159	1.29724	0.352618	
49.3999	1.52526e+09	3.14159	1.27351	0.45142	
49.45	1.52526e+09	3.14159	1.30158	0.896708	
49.5002	1.52526e+09	3.14159	1.27012	0.47279	
49.5496	1.52526e+09	3.14159	1.29954	0.399369	
49.5996	1.52526e+09	3.14159	1.26204	0.323749	
49.6496	1.52526e+09	3.14159	1.27443	0.367233	
49.6996	1.52526e+09	3.14159	1.28659	0.390765	
49.7496	1.52526e+09	3.14159	1.28126	0.339565	
49.7996	1.52526e+09	3.14159	1.29612	0.338007	
49.8496	1.52526e+09	3.14159	1.29786	0.40341	
49.8996	1.52526e+09	3.14159	1.27756	0.799782	
49.9506	1.52526e+09	3.14159	1.31108	0.385069	
49.9996	1.52526e+09	3.14159	1.26207	0.326719	
50.0496	1.52526e+09	3.14159	1.26981	0.787506	
50.0996	1.52526e+09	3.14159	1.2717	0.342119	
50.1496	1.52526e+09	3.14159	1.30463	0.353233	
50.1996	1.52526e+09	3.14159	1.27589	0.403951	
50.2496	1.52526e+09	3.14159	1.31153	0.337322	
50.2996	1.52526e+09	3.14159	1.27895	0.349884	
50.3496	1.52526e+09	3.14159	1.28554	0.349303	
50.3996	1.52526e+09	3.14159	1.2722	0.399685	
50.4496	1.52526e+09	3.14159	1.29119	0.378001	
50.4996	1.52526e+09	3.14159	1.28644	0.770879	
50.5496	1.52526e+09	3.14159	1.33072	0.343162	
50.5996	1.52526e+09	3.14159	1.28072	0.338104	
50.6496	1.52526e+09	3.14159	1.2842	0.848204	
50.6996	1.52526e+09	3.14159	1.269	0.344811	
50.7496	1.52526e+09	3.14159	1.29616	0.365705	
50.7996	1.52526e+09	3.14159	1.28281	0.321991	
50.8496	1.52526e+09	3.14159	1.29913	0.338715	
50.8996	1.52526e+09	3.14159	1.28387	0.371165	
50.9496	1.52526e+09	3.14159	1.278	0.885021	
50.9996	1.52526e+09	3.14159	1.26757	0.317209	
51.0496	1.52526e+09	3.14159	1.27247	0.884754	
51.0996	1.52526e+09	3.14159	1.27719	0.799145	
51.1496	1.52526e+09	3.14159	1.32408	0.329781	
51.1996	1.52526e+09	3.14159	1.29496	0.348893	
51.2496	1.52526e+09	3.14159	1.28969	0.338143	
51.2996	1.52526e+09	3.14159	1.29358	0.748945	
51.3496	1.52526e+09	3.14159	1.2941	0.348804	
51.3997	1.52526e+09	3.14159	1.29327	0.35207	
51.4496	1.52526e+09	3.14159	1.27734	0.786118	
51.4996	1.52526e+09	3.14159	1.29537	0.785727	
51.5496	1.52526e+09	3.14159	1.29229	0.344614	
51.5996	1.52526e+09	3.14159	1.30834	0.75963	
51.6496	1.52526e+09	3.14159	1.33559	0.344922	
51.6997	1.52526e+09	3.14159	1.30472	0.3688	
51.7496	1.52526e+09	3.14159	1.31244	0.332644	
51.7996	1.52526e+09	3.14159	1.27618	0.344208	
51.8496	1.52526e+09	3.14159	1.32205	0.344954	
51.8996	1.52526e+09	3.14159	1.31411	0.768394	
51.9496	1.52526e+09	3.14159	1.33726	0.337659	
51.9996	1.52526e+09	3.14159	1.33436	0.369237	
52.0496	1.52526e+09	3.14159	1.29054	0.334299	
52.0997	1.52526e+09	3.14159	1.28519	0.89997	
52.1496	1.52526e+09	3.14159	1.31829	0.826826	
52.1996	1.52526e+09	3.14159	1.36157	0.354331	
52.2496	1.52526e+09	3.14159	1.30266	0.854868	
52.2996	1.52526e+09	3.14159	1.32295	0.350571	
52.3496	1.52526e+09	3.14159	1.30547	0.355014	
52.3996	1.52526e+09	3.14159	1.35428	0.341138	
52.4496	1.52526e+09	3.14159	1.27771	0.36223	
52.4996	1.52526e+09	3.14159	1.27456	0.919474	
52.5496	1.52526e+09	3.14159	1.2909	0.325794	
52.5996	1.52526e+09	3.14159	1.31041	0.780609	
52.6496	1.52526e+09	3.14159	1.28125	0.342144	
52.6996	1.52526e+09	3.14159	1.31353	0.345953	
52.7496	1.52526e+09	3.14159	1.29803	0.800211	
52.7996	1.52526e+09	3.14159	1.27037	0.381599	
52.8496	1.52526e+09	3.14159	1.27696	0.334409	
52.8996	1.52526e+09	3.14159	1.26392	0.847214	
52.9496	1.52526e+09	3.14159	1.29208	0.342843	
52.9996	1.52526e+09	3.14159	1.29132	0.772141	
53.0496	1.52526e+09	3.14159	1.33518	0.345459	
53.0996	1.52526e+09	3.14159	1.28235	0.32902	
53.1496	1.52526e+09	3.14159	1.29987	0.374697	
53.1996	1.52526e+09	3.14159	1.28065	0.348182	
53.2496	1.52526e+09	3.14159	1.28692	0.780503	
53.2996	1.52526e+09	3.14159	1.30425	0.343707	
53.3496	1.52526e+09	3.14159	1.32131	0.334671	
53.3996	1.52526e+09	3.14159	1.2947	0.328103	
53.4496	1.52526e+09	3.14159	1.28696	0.335943	
53.4996	1.52526e+09	3.14159	1.27257	0.338474	
53.5496	1.52526e+09	3.14159	1.28209	0.810181	
53.5996	1.52526e+09	3.14159	1.34429	0.777785	
53.6496	1.52526e+09	3.14159	1.30677	0.378782	
53.6996	1.52526e+09	3.14159	1.29157	0.334837	
53.7496	1.52526e+09	3.14159	1.30413	0.386155	
53.7996	1.52526e+09	3.14159	1.34211	0.798033	
53.8496	1.52526e+09	3.14159	1.2837	0.821895	
53.8998	1.52526e+09	3.14159	1.3223	0.334922	
53.9496	1.52526e+09	3.14159	1.30129	0.341158	
53.9996	1.52526e+09	3.14159	1.28901	0.336895	
54.0496	1.52526e+09	3.14159	1.25837	0.789161	
54.0996	1.52526e+09	3.14159	1.30006	0.351912	
54.1497	1.52526e+09	3.14159	1.33182	0.360783	
54.1996	1.52526e+09	3.14159	1.32638	0.347626	
54.2496	1.52526e+09	3.14159	1.27493	0.343295	
54.2996	1.52526e+09	3.14159	1.27263	0.309576	
54.3496	1.52526e+09	3.14159	1.25698	0.343363	
54.3996	1.52526e+09	3.14159	1.31734	0.343907	
54.4496	1.52526e+09	3.14159	1.28065	0.337453	
54.4996	1.52526e+09	3.14159	1.28066	0.769775	
54.5496	1.52526e+09	3.14159	1.28164	0.348773	
54.5996	1.52526e+09	3.14159	1.30597	0.887953	
54.6496	1.52526e+09	3.14159	1.27812	0.775563	
54.7	1.52526e+09	3.14159	1.28526	0.771084	
54.7498	1.52526e+09	3.14159	1.29461	0.369891	
54.7996	1.52526e+09	3.14159	1.2877	0.380409	
54.8496	1.52526e+09	3.14159	1.28798	0.345444	
54.8996	1.52526e+09	3.14159	1.32278	0.369723	
54.9496	1.52526e+09	3.14159	1.28969	0.816875	
54.9996	1.52526e+09	3.14159	1.30715	0.354336	
55.0496	1.52526e+09	3.14159	1.30657	0.349412	
55.0996	1.52526e+09	3.14159	1.2723	0.338032	
55.1496	1.52526e+09	3.14159	1.28631	0.345891	
55.1998	1.52526e+09	3.14159	1.28098	0.348431	
55.2496	1.52526e+09	3.14159	1.34012	0.337618	
55.2996	1.52526e+09	3.14159	1.30292	0.335212	
55.3496	1.52526e+09	3.14159	1.27434	0.347058	
55.3996	1.52526e+09	3.14159	1.29569	0.339913	
55.4496	1.52526e+09	3.14159	1.26595	0.370409	
55.4996	1.52526e+09	3.14159	1.29192	0.336494	
55.5497	1.52526e+09	3.14159	1.27317	0.852254	
55.5996	1.52526e+09	3.14159	1.32192	0.363657	
55.6496	1.52526e+09	3.14159	1.2862	0.370784	
55.6996	1.52526e+09	3.14159	1.30448	0.792557	
55.7496	1.52526e+09	3.14159	1.26752	0.371903	
55.7996	1.52526e+09	3.14159	1.35569	0.7832	
55.8496	1.52526e+09	3.14159	1.27965	0.818801	
55.8996	1.52526e+09	3.14159	1.29574	0.343695	
55.9496	1.52526e+09	3.14159	1.30987	0.774634	
55.9996	1.52526e+09	3.14159	1.29992	0.783077	
56.0496	1.52526e+09	3.14159	1.26074	0.802255	
56.0996	1.52526e+09	3.14159	1.34948	0.848417	
56.1496	1.52526e+09	3.14159	1.28394	0.334339	
56.1996	1.52526e+09	3.14159	1.29188	0.349058	
56.2496	1.52526e+09	3.14159	1.26704	0.338814	
56.2996	1.52526e+09	3.14159	1.26986	0.358909	
56.3496	1.52526e+09	3.14159	1.31715	0.344008	
56.3996	1.52526e+09	3.14159	1.29521	0.329931	
56.4497	1.52526e+09	3.14159	1.27321	0.789335	
56.4996	1.52526e+09	3.14159	1.29343	0.356553	
56.5496	1.52526e+09	3.14159	1.27456	0.339299	
56.5996	1.52526e+09	3.14159	1.32428	0.321674	
56.6496	1.52526e+09	3.14159	1.27835	0.34679	
56.6996	1.52526e+09	3.14159	1.27517	0.360256	
56.7496	1.52526e+09	3.14159	1.2923	0.776465	
56.8	1.52526e+09	3.14159	1.35225	0.339318	
56.8496	1.52526e+09	3.14159	1.2866	0.365707	
56.8996	1.52526e+09	3.14159	1.31272	0.329637	
56.9497	1.52526e+09	3.14159	1.27988	0.347024	
56.9996	1.52526e+09	3.14159	1.28497	0.327524	
57.0496	1.52526e+09	3.14159	1.29494	0.817248	
57.1	1.52526e+09	3.14159	1.30045	0.768307	
57.1496	1.52526e+09	3.14159	1.28955	0.774255	
57.1996	1.52526e+09	3.14159	1.29394	0.857143	
57.2496	1.52526e+09	3.14159	1.27959	0.350329	
57.2996	1.52526e+09	3.14159	1.30784	0.352047	
57.3496	1.52526e+09	3.14159	1.29274	0.336385	
57.3996	1.52526e+09	3.14159	1.2704	0.336895	
57.4496	1.52526e+09	3.14159	1.2773	0.365147	
57.4996	1.52526e+09	3.14159	1.29174	0.801794	
57.5499	1.52526e+09	3.14159	1.6666	0.338059	
57.5996	1.52526e+09	3.14159	1.55642	0.35174	
57.6496	1.52526e+09	3.14159	1.41997	0.358799	
57.6997	1.52526e+09	3.14159	1.38706	0.345535	
57.7496	1.52526e+09	3.14159	1.34918	0.40016	
57.7996	1.52526e+09	3.14159	1.38553	0.380213	
57.8496	1.52526e+09	3.14159	1.24724	0.763586	
57.8996	1.52526e+09	3.14159	1.40967	0.772655	
57.9496	1.52526e+09	3.14159	1.43189	0.866345	
57.9999	1.52526e+09	3.14159	1.39648	0.780959	
58.0499	1.52526e+09	3.14159	1.34292	0.341991	
58.0996	1.52526e+09	3.14159	1.26505	0.336802	
58.1496	1.52526e+09	3.14159	1.36404	0.36043	
58.1996	1.52526e+09	3.14159	1.27046	0.335585	
58.2496	1.52526e+09	3.14159	1.29455	0.834152	
58.2996	1.52526e+09	3.14159	1.28619	0.385566	
58.3496	1.52526e+09	3.14159	1.27857	0.343829	
58.3996	1.52526e+09	3.14159	1.29976	0.839709	
58.4499	1.52526e+09	3.14159	1.27509	0.802151	
58.4996	1.52526e+09	3.14159	1.25978	0.337055	
58.5496	1.52526e+09	3.14159	1.28266	0.335473	
58.5996	1.52526e+09	3.14159	1.28268	0.39986	
58.6497	1.52526e+09	3.14159	1.27846	0.330402	
58.6996	1.52526e+09	3.14159	1.27278	0.368685	
58.7496	1.52526e+09	3.14159	1.28167	0.36818	
58.7996	1.52526e+09	3.14159	1.27577	0.396749	
58.8496	1.52526e+09	3.14159	1.27114	0.887043	
58.8996	1.52526e+09	3.14159	1.37837	0.338746	
58.9496	1.52526e+09	3.14159	1.42486	0.369447	
58.9996	1.52526e+09	3.14159	1.34046	0.328475	
59.0496	1.52526e+09	3.14159	1.31938	0.337599	
59.0996	1.52526e+09	3.14159	1.33689	0.767998	
59.1496	1.52526e+09	3.14159	1.41544	0.335269	
59.1996	1.52526e+09	3.14159	1.28786	0.393744	
59.2496	1.52526e+09	3.14159	1.26363	0.314109	
59.2996	1.52526e+09	3.14159	1.37724	0.792994	
59.3498	1.52526e+09	3.14159	1.28979	0.388739	
59.3997	1.52526e+09	3.14159	1.34577	0.3447	
59.4496	1.52526e+09	3.14159	1.30596	0.890336	
59.5003	1.52526e+09	3.14159	1.26499	0.374566	
59.5496	1.52526e+09	3.14159	1.28386	0.329034	
59.5996	1.52526e+09	3.14159	1.2807	0.348711	
59.6496	1.52526e+09	3.14159	1.30433	0.345137	
59.6996	1.52526e+09	3.14159	1.31806	0.346407	
59.7496	1.52526e+09	3.14159	1.2981	0.371556	
59.7996	1.52526e+09	3.14159	1.25415	0.367241	
59.8496	1.52526e+09	3.14159	1.26465	0.362336	
59.8996	1.52526e+09	3.14159	1.2745	0.789969	
59.9496	1.52526e+09	3.14159	1.2777	0.329588	
