idx timestamp pi t2 t1+t3
0	1.52526e+09	3.14159	2.33315	0.65777	
0.0503966	1.52526e+09	3.14159	2.36715	0.472526	
0.100214	1.52526e+09	3.14159	2.30153	0.498519	
0.149997	1.52526e+09	3.14159	2.42206	0.489439	
0.199992	1.52526e+09	3.14159	2.24927	0.482423	
0.251259	1.52526e+09	3.14159	2.54315	0.505339	
0.300213	1.52526e+09	3.14159	2.30637	0.487923	
0.349992	1.52526e+09	3.14159	2.29025	0.499948	
0.399996	1.52526e+09	3.14159	2.40213	0.506356	
0.449989	1.52526e+09	3.14159	2.20373	0.499691	
0.499999	1.52526e+09	3.14159	2.32749	0.508865	
0.550037	1.52526e+09	3.14159	2.31802	0.50658	
0.600171	1.52526e+09	3.14159	2.28314	0.478638	
0.650085	1.52526e+09	3.14159	2.41893	0.48957	
0.70007	1.52526e+09	3.14159	2.21593	0.496673	
0.75	1.52526e+09	3.14159	2.351	0.510964	
0.799992	1.52526e+09	3.14159	2.32136	0.48613	
0.850494	1.52526e+09	3.14159	2.32452	0.492351	
0.899998	1.52526e+09	3.14159	2.40197	0.503434	
0.950511	1.52526e+09	3.14159	2.22528	0.492251	
1.00009	1.52526e+09	3.14159	2.55856	0.512991	
1.05017	1.52526e+09	3.14159	2.24799	0.478516	
1.10046	1.52526e+09	3.14159	2.28385	0.45782	
1.14999	1.52526e+09	3.14159	2.37232	0.473214	
1.20017	1.52526e+09	3.14159	2.22197	0.564719	
1.25023	1.52526e+09	3.14159	2.42988	0.489053	
1.30028	1.52526e+09	3.14159	2.32772	0.489977	
1.35023	1.52526e+09	3.14159	2.27454	0.501482	
1.40083	1.52526e+09	3.14159	2.38085	0.496598	
1.45	1.52526e+09	3.14159	2.2883	0.49107	
1.5	1.52526e+09	3.14159	2.4126	0.459581	
1.55	1.52526e+09	3.14159	2.36691	0.490155	
1.60018	1.52526e+09	3.14159	2.31081	0.493817	
1.65	1.52526e+09	3.14159	2.46664	0.498557	
1.70044	1.52526e+09	3.14159	2.26285	0.502002	
1.75013	1.52526e+09	3.14159	2.40164	0.483512	
1.80064	1.52526e+09	3.14159	2.28016	0.508537	
1.85031	1.52526e+09	3.14159	2.25733	0.499401	
1.90007	1.52526e+09	3.14159	2.40532	0.483509	
1.95034	1.52526e+09	3.14159	2.27412	0.493737	
2.00036	1.52526e+09	3.14159	2.30142	0.506558	
2.05034	1.52526e+09	3.14159	2.29884	0.484894	
2.10003	1.52526e+09	3.14159	2.32272	0.487776	
2.14999	1.52526e+09	3.14159	2.35648	0.495065	
2.2	1.52526e+09	3.14159	2.23268	0.506835	
2.24999	1.52526e+09	3.14159	2.54015	0.506205	
2.3	1.52526e+09	3.14159	2.36905	0.507859	
2.3506	1.52526e+09	3.14159	2.29554	0.503238	
2.40138	1.52526e+09	3.14159	2.3961	0.483599	
2.45042	1.52526e+09	3.14159	2.24073	0.498643	
2.49999	1.52526e+09	3.14159	2.32524	0.505723	
2.55028	1.52526e+09	3.14159	2.40328	0.493686	
2.60027	1.52526e+09	3.14159	2.30607	0.504036	
2.65001	1.52526e+09	3.14159	2.4305	0.487681	
2.7	1.52526e+09	3.14159	2.27652	0.473266	
2.75039	1.52526e+09	3.14159	2.33049	0.500874	
2.80033	1.52526e+09	3.14159	2.26854	0.493026	
2.8504	1.52526e+09	3.14159	2.28486	0.48163	
2.90115	1.52526e+09	3.14159	2.39745	0.45417	
2.95037	1.52526e+09	3.14159	2.26037	0.492936	
3.00022	1.52526e+09	3.14159	2.30001	0.48792	
3.05076	1.52526e+09	3.14159	2.44247	0.506137	
3.1	1.52526e+09	3.14159	2.32453	0.491444	
3.15	1.52526e+09	3.14159	2.38015	0.487689	
3.20035	1.52526e+09	3.14159	2.24714	0.479919	
3.25021	1.52526e+09	3.14159	2.37748	0.501763	
3.30038	1.52526e+09	3.14159	2.25496	0.454263	
3.35	1.52526e+09	3.14159	2.27115	0.494992	
3.4	1.52526e+09	3.14159	2.3769	0.51732	
3.45	1.52526e+09	3.14159	2.2661	0.482114	
3.5	1.52526e+09	3.14159	2.27329	0.50284	
3.54999	1.52526e+09	3.14159	2.33848	0.547369	
3.60001	1.52526e+09	3.14159	2.27192	0.498153	
3.65021	1.52526e+09	3.14159	2.40797	0.485266	
3.69999	1.52526e+09	3.14159	2.21548	0.574486	
3.75019	1.52526e+09	3.14159	2.5371	0.486757	
3.79999	1.52526e+09	3.14159	2.28545	0.502015	
3.84999	1.52526e+09	3.14159	2.26959	0.495022	
3.90021	1.52526e+09	3.14159	2.38738	0.53204	
3.95036	1.52526e+09	3.14159	2.25658	0.504801	
4.00027	1.52526e+09	3.14159	2.26337	0.493204	
4.05012	1.52526e+09	3.14159	2.24006	0.515567	
4.10025	1.52526e+09	3.14159	2.25626	0.503857	
4.15023	1.52526e+09	3.14159	2.46784	0.510888	
4.20027	1.52526e+09	3.14159	2.23357	0.483553	
4.25031	1.52526e+09	3.14159	2.4355	0.49896	
4.3004	1.52526e+09	3.14159	2.3247	0.498497	
4.34999	1.52526e+09	3.14159	2.30794	0.486985	
4.40101	1.52526e+09	3.14159	2.36459	0.494653	
4.45	1.52526e+09	3.14159	2.23739	0.507407	
4.5005	1.52526e+09	3.14159	2.25563	0.486203	
4.55	1.52526e+09	3.14159	2.3787	0.474719	
4.60021	1.52526e+09	3.14159	2.31094	0.516824	
4.65	1.52526e+09	3.14159	2.42782	0.483554	
4.70028	1.52526e+09	3.14159	2.23308	0.501641	
4.75033	1.52526e+09	3.14159	2.33585	0.479114	
4.80049	1.52526e+09	3.14159	2.32674	0.486933	
4.85072	1.52526e+09	3.14159	2.28875	0.481314	
4.9	1.52526e+09	3.14159	2.33768	0.506662	
4.94999	1.52526e+09	3.14159	2.23467	0.489588	
4.99999	1.52526e+09	3.14159	2.36484	0.486594	
5.04999	1.52526e+09	3.14159	2.30341	0.492069	
5.10012	1.52526e+09	3.14159	2.27631	0.486463	
5.15	1.52526e+09	3.14159	2.43604	0.481418	
5.20039	1.52526e+09	3.14159	2.24718	0.489324	
5.25017	1.52526e+09	3.14159	2.44771	0.485839	
5.30023	1.52526e+09	3.14159	2.36889	0.501688	
5.35028	1.52526e+09	3.14159	2.29266	0.502751	
5.40035	1.52526e+09	3.14159	2.38873	0.517097	
5.45045	1.52526e+09	3.14159	2.25031	0.503615	
5.50016	1.52526e+09	3.14159	2.30193	0.490353	
5.55012	1.52526e+09	3.14159	2.38234	0.48545	
5.60018	1.52526e+09	3.14159	2.2955	0.479809	
5.65	1.52526e+09	3.14159	2.49045	0.493426	
5.70057	1.52526e+09	3.14159	2.22776	0.482829	
5.75	1.52526e+09	3.14159	2.42384	0.517821	
5.8	1.52526e+09	3.14159	2.25052	0.474896	
5.85022	1.52526e+09	3.14159	2.327	0.508369	
5.9001	1.52526e+09	3.14159	2.36032	0.490022	
5.95043	1.52526e+09	3.14159	2.23687	0.508728	
6	1.52526e+09	3.14159	2.24715	0.500188	
6.05018	1.52526e+09	3.14159	2.27	0.472768	
6.10025	1.52526e+09	3.14159	2.28234	0.483848	
6.15013	1.52526e+09	3.14159	2.43204	0.477409	
6.2	1.52526e+09	3.14159	2.31172	0.465426	
6.24999	1.52526e+09	3.14159	2.54679	0.490078	
6.29999	1.52526e+09	3.14159	2.34022	0.483586	
6.35007	1.52526e+09	3.14159	2.2498	0.474052	
6.4	1.52526e+09	3.14159	2.37563	0.481579	
6.45002	1.52526e+09	3.14159	2.26158	0.483966	
6.5007	1.52526e+09	3.14159	2.36446	0.485096	
6.55	1.52526e+09	3.14159	2.37428	0.494438	
6.60046	1.52526e+09	3.14159	2.25582	0.465197	
6.65014	1.52526e+09	3.14159	2.33146	0.466145	
6.70009	1.52526e+09	3.14159	2.23695	0.480409	
6.75027	1.52526e+09	3.14159	2.31081	0.480759	
6.79999	1.52526e+09	3.14159	2.27763	0.46784	
6.85	1.52526e+09	3.14159	2.24153	0.463557	
6.90027	1.52526e+09	3.14159	2.35797	0.468187	
6.95	1.52526e+09	3.14159	2.2144	0.459779	
7.00012	1.52526e+09	3.14159	2.27168	0.487951	
7.05	1.52526e+09	3.14159	2.27399	0.482758	
7.1	1.52526e+09	3.14159	2.26855	0.474372	
7.15	1.52526e+09	3.14159	2.3911	0.490573	
7.2002	1.52526e+09	3.14159	2.2644	0.480488	
7.25038	1.52526e+09	3.14159	2.51121	0.465731	
7.29999	1.52526e+09	3.14159	2.36718	0.495482	
7.35	1.52526e+09	3.14159	2.27434	0.464365	
7.4	1.52526e+09	3.14159	2.35642	0.483345	
7.45	1.52526e+09	3.14159	2.21501	0.486493	
7.50019	1.52526e+09	3.14159	2.25927	0.454461	
7.55009	1.52526e+09	3.14159	2.32862	0.487325	
7.60077	1.52526e+09	3.14159	2.28443	0.476545	
7.64999	1.52526e+09	3.14159	2.46539	0.439777	
7.70008	1.52526e+09	3.14159	2.22315	0.486151	
7.75	1.52526e+09	3.14159	2.29795	0.461112	
7.80027	1.52526e+09	3.14159	2.30417	0.466352	
7.85	1.52526e+09	3.14159	2.24811	0.467036	
7.90011	1.52526e+09	3.14159	2.37347	0.471786	
7.95018	1.52526e+09	3.14159	2.2316	0.485271	
7.99999	1.52526e+09	3.14159	2.3067	0.486372	
8.05027	1.52526e+09	3.14159	2.31337	0.474639	
8.10003	1.52526e+09	3.14159	2.28955	0.460599	
8.15	1.52526e+09	3.14159	2.31801	0.486911	
8.2	1.52526e+09	3.14159	2.22075	0.488274	
8.25015	1.52526e+09	3.14159	2.46651	0.482114	
8.30063	1.52526e+09	3.14159	2.34894	0.455101	
8.35026	1.52526e+09	3.14159	2.29892	0.460914	
8.40023	1.52526e+09	3.14159	2.392	0.490698	
8.45027	1.52526e+09	3.14159	2.21271	0.472907	
8.50036	1.52526e+09	3.14159	2.32957	0.47365	
8.55	1.52526e+09	3.14159	2.3423	0.487854	
8.6	1.52526e+09	3.14159	2.324	0.474172	
8.64999	1.52526e+09	3.14159	2.34371	0.483803	
8.69999	1.52526e+09	3.14159	2.22071	0.493153	
8.75	1.52526e+09	3.14159	2.31211	1.52999	
8.80028	1.52526e+09	3.14159	2.29595	0.486744	
8.85	1.52526e+09	3.14159	2.3131	0.481365	
8.89999	1.52526e+09	3.14159	2.42138	0.467589	
8.95025	1.52526e+09	3.14159	2.2251	0.498595	
9	1.52526e+09	3.14159	2.30378	0.491327	
9.05025	1.52526e+09	3.14159	2.3	0.496929	
9.10044	1.52526e+09	3.14159	2.27692	0.454388	
9.15007	1.52526e+09	3.14159	2.35553	0.509995	
9.19999	1.52526e+09	3.14159	2.21385	0.472768	
9.2503	1.52526e+09	3.14159	2.45609	0.487728	
9.30071	1.52526e+09	3.14159	2.32765	0.48379	
9.35	1.52526e+09	3.14159	2.3114	0.471881	
9.39999	1.52526e+09	3.14159	2.40581	0.469799	
9.45023	1.52526e+09	3.14159	2.21614	0.482713	
9.5	1.52526e+09	3.14159	2.26317	0.492871	
9.54999	1.52526e+09	3.14159	2.34554	0.488167	
9.60044	1.52526e+09	3.14159	2.3084	0.486854	
9.65086	1.52526e+09	3.14159	2.41565	0.48634	
9.70018	1.52526e+09	3.14159	2.22789	0.489474	
9.74999	1.52526e+09	3.14159	2.39046	0.508229	
9.79999	1.52526e+09	3.14159	2.3153	0.510012	
9.84999	1.52526e+09	3.14159	2.38239	0.499199	
9.90003	1.52526e+09	3.14159	2.41268	0.512938	
9.9503	1.52526e+09	3.14159	2.27161	0.505439	
10.0001	1.52526e+09	3.14159	2.36107	0.507793	
10.0504	1.52526e+09	3.14159	2.29822	0.485172	
10.1	1.52526e+09	3.14159	2.27762	0.503136	
10.1503	1.52526e+09	3.14159	2.42938	0.504176	
10.2	1.52526e+09	3.14159	2.22155	0.503045	
10.25	1.52526e+09	3.14159	2.41524	0.495198	
10.3	1.52526e+09	3.14159	2.29878	0.469138	
10.3501	1.52526e+09	3.14159	2.29256	0.483778	
10.4	1.52526e+09	3.14159	2.34873	0.491372	
10.45	1.52526e+09	3.14159	2.23542	0.464045	
10.5	1.52526e+09	3.14159	2.25827	0.497415	
10.55	1.52526e+09	3.14159	2.35694	0.484417	
10.6	1.52526e+09	3.14159	2.27626	0.506842	
10.6504	1.52526e+09	3.14159	2.45767	0.465441	
10.7	1.52526e+09	3.14159	2.21286	0.490363	
10.7501	1.52526e+09	3.14159	2.4171	0.49841	
10.8	1.52526e+09	3.14159	2.23307	0.487992	
10.85	1.52526e+09	3.14159	2.32114	0.462412	
10.9	1.52526e+09	3.14159	2.29843	0.487701	
10.9502	1.52526e+09	3.14159	2.50406	3.01415	
11.0005	1.52526e+09	3.14159	2.5079	0.500485	
11.0502	1.52526e+09	3.14159	2.27696	0.483147	
11.1001	1.52526e+09	3.14159	2.24155	0.514548	
11.1504	1.52526e+09	3.14159	2.53655	0.474841	
11.2001	1.52526e+09	3.14159	2.20676	0.502286	
11.2504	1.52526e+09	3.14159	2.4212	0.454038	
11.3002	1.52526e+09	3.14159	2.2179	0.488145	
11.3502	1.52526e+09	3.14159	2.36078	0.480474	
11.4007	1.52526e+09	3.14159	2.40326	0.51814	
11.4502	1.52526e+09	3.14159	2.20847	0.514858	
11.5	1.52526e+09	3.14159	2.26269	0.486398	
11.55	1.52526e+09	3.14159	2.32128	0.505381	
11.6	1.52526e+09	3.14159	2.23513	0.485928	
11.6506	1.52526e+09	3.14159	2.56044	0.504009	
11.7	1.52526e+09	3.14159	2.22838	0.487446	
11.75	1.52526e+09	3.14159	2.3492	0.487988	
11.8	1.52526e+09	3.14159	2.28311	0.497013	
11.85	1.52526e+09	3.14159	2.27895	0.508188	
11.9	1.52526e+09	3.14159	2.38883	0.506169	
11.9502	1.52526e+09	3.14159	2.25203	0.455019	
12	1.52526e+09	3.14159	2.37294	0.5033	
12.0502	1.52526e+09	3.14159	2.31061	0.502558	
12.1001	1.52526e+09	3.14159	2.28598	0.473125	
12.15	1.52526e+09	3.14159	2.39603	0.486717	
12.2	1.52526e+09	3.14159	2.29778	0.484963	
12.25	1.52526e+09	3.14159	2.48933	0.472006	
12.3009	1.52526e+09	3.14159	2.29194	0.489192	
12.3501	1.52526e+09	3.14159	2.37283	0.495682	
12.4	1.52526e+09	3.14159	2.42804	0.475095	
12.4503	1.52526e+09	3.14159	2.22376	0.490373	
12.5001	1.52526e+09	3.14159	2.34703	0.503179	
12.5501	1.52526e+09	3.14159	2.33399	0.480174	
12.6004	1.52526e+09	3.14159	2.2808	0.491212	
12.65	1.52526e+09	3.14159	2.4429	0.468003	
12.7008	1.52526e+09	3.14159	2.22528	0.504786	
12.75	1.52526e+09	3.14159	2.34058	0.503617	
12.8	1.52526e+09	3.14159	2.32668	0.48348	
12.85	1.52526e+09	3.14159	2.2901	0.538275	
12.9001	1.52526e+09	3.14159	2.3904	0.484838	
12.95	1.52526e+09	3.14159	2.25406	0.512055	
13.0001	1.52526e+09	3.14159	2.29457	0.486558	
13.0503	1.52526e+09	3.14159	2.35404	0.50766	
13.1004	1.52526e+09	3.14159	2.28188	0.479796	
13.1505	1.52526e+09	3.14159	2.37079	0.48442	
13.2	1.52526e+09	3.14159	2.21321	0.48412	
13.25	1.52526e+09	3.14159	2.47469	0.488642	
13.3	1.52526e+09	3.14159	2.26014	0.469934	
13.35	1.52526e+09	3.14159	2.24853	0.504568	
13.4005	1.52526e+09	3.14159	2.41194	0.492332	
13.45	1.52526e+09	3.14159	2.25982	0.489438	
13.5	1.52526e+09	3.14159	2.27642	0.481921	
13.55	1.52526e+09	3.14159	2.31743	0.490728	
13.6007	1.52526e+09	3.14159	2.29428	0.506872	
13.6503	1.52526e+09	3.14159	2.43009	0.474174	
13.7003	1.52526e+09	3.14159	2.24526	0.482812	
13.75	1.52526e+09	3.14159	2.38702	0.496267	
13.8012	1.52526e+09	3.14159	2.35407	0.480119	
13.85	1.52526e+09	3.14159	2.30189	0.487562	
13.9	1.52526e+09	3.14159	2.422	0.495808	
13.95	1.52526e+09	3.14159	2.24146	0.507632	
14	1.52526e+09	3.14159	2.27265	0.491686	
14.05	1.52526e+09	3.14159	2.28407	0.475544	
14.1	1.52526e+09	3.14159	2.33177	0.501414	
14.1502	1.52526e+09	3.14159	2.43658	0.48771	
14.2	1.52526e+09	3.14159	2.25444	0.494654	
14.2504	1.52526e+09	3.14159	2.38149	0.501751	
14.3002	1.52526e+09	3.14159	2.28982	0.49431	
14.35	1.52526e+09	3.14159	2.29303	0.490098	
14.4003	1.52526e+09	3.14159	2.3883	0.495556	
14.45	1.52526e+09	3.14159	2.21084	0.506212	
14.5001	1.52526e+09	3.14159	2.30087	0.493915	
14.5502	1.52526e+09	3.14159	2.31507	0.490082	
14.6001	1.52526e+09	3.14159	2.26787	0.503247	
14.6502	1.52526e+09	3.14159	2.36318	0.491638	
14.7	1.52526e+09	3.14159	2.2388	0.507293	
14.75	1.52526e+09	3.14159	2.46296	0.503377	
14.8003	1.52526e+09	3.14159	2.28969	0.504452	
14.85	1.52526e+09	3.14159	2.30561	0.478523	
14.9	1.52526e+09	3.14159	2.37456	0.487662	
14.9502	1.52526e+09	3.14159	2.20384	0.505211	
15	1.52526e+09	3.14159	2.30178	0.506203	
15.0503	1.52526e+09	3.14159	2.21045	0.455399	
15.1	1.52526e+09	3.14159	2.27777	0.513896	
15.15	1.52526e+09	3.14159	2.41552	0.487743	
15.2	1.52526e+09	3.14159	2.25485	0.509393	
15.25	1.52526e+09	3.14159	2.60548	0.481988	
15.3001	1.52526e+09	3.14159	2.36276	0.482831	
15.35	1.52526e+09	3.14159	2.3505	0.490694	
15.4005	1.52526e+09	3.14159	2.43809	0.481199	
15.45	1.52526e+09	3.14159	2.23633	0.51276	
15.5003	1.52526e+09	3.14159	2.33013	0.499665	
15.55	1.52526e+09	3.14159	2.32746	0.527212	
15.6	1.52526e+09	3.14159	2.30395	0.48319	
15.65	1.52526e+09	3.14159	2.49693	0.527978	
15.7	1.52526e+09	3.14159	2.25177	0.502324	
15.75	1.52526e+09	3.14159	2.39924	0.540281	
15.8	1.52526e+09	3.14159	2.34028	0.54096	
15.85	1.52526e+09	3.14159	2.30325	0.467864	
15.9	1.52526e+09	3.14159	2.58107	0.489387	
15.95	1.52526e+09	3.14159	2.24096	0.502155	
16	1.52526e+09	3.14159	2.35734	0.494307	
16.0501	1.52526e+09	3.14159	2.29725	0.490542	
16.1	1.52526e+09	3.14159	2.29531	0.518851	
16.15	1.52526e+09	3.14159	2.40179	0.484273	
16.2004	1.52526e+09	3.14159	2.22831	0.454901	
16.2506	1.52526e+09	3.14159	2.56686	0.519378	
16.3	1.52526e+09	3.14159	2.33564	0.502548	
16.35	1.52526e+09	3.14159	2.30101	0.509155	
16.4005	1.52526e+09	3.14159	2.37695	0.487267	
16.45	1.52526e+09	3.14159	2.23859	0.502492	
16.5001	1.52526e+09	3.14159	2.34165	0.511144	
16.55	1.52526e+09	3.14159	2.35107	0.506143	
16.6004	1.52526e+09	3.14159	2.31183	0.480308	
16.6502	1.52526e+09	3.14159	2.41425	0.482008	
16.7008	1.52526e+09	3.14159	2.25236	0.501363	
16.7501	1.52526e+09	3.14159	2.33006	0.500122	
16.8004	1.52526e+09	3.14159	2.30272	0.504433	
16.8503	1.52526e+09	3.14159	2.32662	0.48354	
16.9003	1.52526e+09	3.14159	2.37385	0.507389	
16.95	1.52526e+09	3.14159	2.28855	0.50315	
17	1.52526e+09	3.14159	2.30229	0.505865	
17.05	1.52526e+09	3.14159	2.29554	0.503607	
17.1003	1.52526e+09	3.14159	2.32463	0.496544	
17.15	1.52526e+09	3.14159	2.434	0.488288	
17.2	1.52526e+09	3.14159	2.23893	0.512169	
17.2507	1.52526e+09	3.14159	2.42661	0.486666	
17.3	1.52526e+09	3.14159	2.48157	0.48777	
17.35	1.52526e+09	3.14159	2.27715	0.506982	
17.4003	1.52526e+09	3.14159	2.38689	0.504549	
17.45	1.52526e+09	3.14159	2.25089	0.482183	
17.5	1.52526e+09	3.14159	2.37102	0.493437	
17.5505	1.52526e+09	3.14159	2.34316	0.498036	
17.6	1.52526e+09	3.14159	2.31161	0.481394	
17.6504	1.52526e+09	3.14159	2.4519	0.523222	
17.7	1.52526e+09	3.14159	2.26224	0.519793	
17.75	1.52526e+09	3.14159	2.32219	0.48628	
17.8003	1.52526e+09	3.14159	2.28524	0.503895	
17.8501	1.52526e+09	3.14159	2.31418	0.486967	
17.9	1.52526e+09	3.14159	2.36973	0.504502	
17.9506	1.52526e+09	3.14159	2.28685	0.484265	
18.0007	1.52526e+09	3.14159	2.31261	0.518298	
18.05	1.52526e+09	3.14159	2.29662	0.516544	
18.1	1.52526e+09	3.14159	2.27329	0.503829	
18.1504	1.52526e+09	3.14159	2.35322	0.494523	
18.2	1.52526e+09	3.14159	2.20138	0.503748	
18.25	1.52526e+09	3.14159	2.50852	0.486854	
18.3004	1.52526e+09	3.14159	2.28329	0.499838	
18.3501	1.52526e+09	3.14159	2.27959	0.472474	
18.4	1.52526e+09	3.14159	2.41111	0.507172	
18.451	1.52526e+09	3.14159	2.23633	0.489733	
18.5	1.52526e+09	3.14159	2.31897	0.484629	
18.55	1.52526e+09	3.14159	2.54693	0.49081	
18.6003	1.52526e+09	3.14159	2.25814	0.51198	
18.65	1.52526e+09	3.14159	2.45396	0.491351	
18.7	1.52526e+09	3.14159	2.22478	0.499284	
18.7505	1.52526e+09	3.14159	2.28745	0.52822	
18.8	1.52526e+09	3.14159	2.28353	0.501129	
18.8506	1.52526e+09	3.14159	2.35086	0.502346	
18.9001	1.52526e+09	3.14159	2.46345	0.504889	
18.95	1.52526e+09	3.14159	2.2203	0.505766	
19.0001	1.52526e+09	3.14159	2.30133	0.521627	
19.051	1.52526e+09	3.14159	2.30898	0.472142	
19.1	1.52526e+09	3.14159	2.29721	0.491467	
19.15	1.52526e+09	3.14159	2.42461	0.499012	
19.2004	1.52526e+09	3.14159	2.23975	0.508551	
19.25	1.52526e+09	3.14159	2.46688	0.513473	
19.3	1.52526e+09	3.14159	2.32395	0.488213	
19.3504	1.52526e+09	3.14159	2.28165	0.508488	
19.4001	1.52526e+09	3.14159	2.46635	0.488972	
19.4501	1.52526e+09	3.14159	2.24679	0.490293	
19.5005	1.52526e+09	3.14159	2.25759	0.493506	
19.5503	1.52526e+09	3.14159	2.37664	0.506599	
19.6	1.52526e+09	3.14159	2.26825	0.555924	
19.6504	1.52526e+09	3.14159	2.3497	0.489456	
19.7008	1.52526e+09	3.14159	2.26741	0.511715	
19.75	1.52526e+09	3.14159	2.35187	0.480235	
19.8	1.52526e+09	3.14159	2.32243	0.487731	
19.85	1.52526e+09	3.14159	2.30423	0.498922	
19.9	1.52526e+09	3.14159	2.45147	0.485509	
19.95	1.52526e+09	3.14159	2.28585	0.494274	
20	1.52526e+09	3.14159	2.30512	0.510051	
20.05	1.52526e+09	3.14159	2.30203	0.473095	
20.1	1.52526e+09	3.14159	2.27491	0.490198	
20.1506	1.52526e+09	3.14159	2.40641	0.473825	
20.2	1.52526e+09	3.14159	2.25125	0.485824	
20.2504	1.52526e+09	3.14159	2.46264	0.481668	
20.3007	1.52526e+09	3.14159	2.30797	0.504193	
20.3504	1.52526e+09	3.14159	2.25032	0.454924	
20.4	1.52526e+09	3.14159	2.3807	0.535706	
20.45	1.52526e+09	3.14159	2.2784	0.491712	
20.5003	1.52526e+09	3.14159	2.29761	0.478509	
20.55	1.52526e+09	3.14159	2.35211	0.49009	
20.6	1.52526e+09	3.14159	2.30774	0.502262	
20.65	1.52526e+09	3.14159	2.3942	0.461014	
20.7	1.52526e+09	3.14159	2.2207	0.509368	
20.7503	1.52526e+09	3.14159	2.31941	0.492749	
20.8004	1.52526e+09	3.14159	2.32279	0.488909	
20.8501	1.52526e+09	3.14159	2.27934	0.571465	
20.9	1.52526e+09	3.14159	2.39426	0.547805	
20.95	1.52526e+09	3.14159	2.23563	0.489431	
21.0004	1.52526e+09	3.14159	2.35101	0.474171	
21.05	1.52526e+09	3.14159	2.33129	0.51288	
21.1	1.52526e+09	3.14159	2.24781	0.496271	
21.1507	1.52526e+09	3.14159	2.44772	0.515149	
21.2	1.52526e+09	3.14159	2.22211	0.495944	
21.2505	1.52526e+09	3.14159	2.58452	0.503293	
21.3005	1.52526e+09	3.14159	2.42781	0.555299	
21.35	1.52526e+09	3.14159	2.32123	0.484928	
21.4	1.52526e+09	3.14159	2.37794	0.501303	
21.4508	1.52526e+09	3.14159	2.23865	0.495559	
21.5	1.52526e+09	3.14159	2.32727	0.489899	
21.5507	1.52526e+09	3.14159	2.35835	0.505871	
21.6	1.52526e+09	3.14159	2.27075	0.503375	
21.65	1.52526e+09	3.14159	2.51251	0.48215	
21.7002	1.52526e+09	3.14159	2.20843	0.497615	
21.75	1.52526e+09	3.14159	2.3099	0.494765	
21.8001	1.52526e+09	3.14159	2.27672	0.49039	
21.85	1.52526e+09	3.14159	2.26344	0.503673	
21.9	1.52526e+09	3.14159	2.37181	0.505431	
21.95	1.52526e+09	3.14159	2.22203	0.48104	
22.0004	1.52526e+09	3.14159	2.2928	0.47031	
22.0501	1.52526e+09	3.14159	2.30096	0.484171	
22.1001	1.52526e+09	3.14159	2.34275	0.514467	
22.15	1.52526e+09	3.14159	2.42456	0.508742	
22.2	1.52526e+09	3.14159	2.21034	0.530612	
22.2501	1.52526e+09	3.14159	2.49804	0.475132	
22.3002	1.52526e+09	3.14159	2.31142	0.57549	
22.35	1.52526e+09	3.14159	2.29146	0.494863	
22.4	1.52526e+09	3.14159	2.35618	0.561101	
22.4505	1.52526e+09	3.14159	2.21848	0.503582	
22.5003	1.52526e+09	3.14159	2.3945	0.543807	
22.5509	1.52526e+09	3.14159	2.32757	0.477582	
22.6	1.52526e+09	3.14159	2.29181	0.586427	
22.6503	1.52526e+09	3.14159	2.47003	0.488302	
22.7004	1.52526e+09	3.14159	2.28963	0.485489	
22.7505	1.52526e+09	3.14159	2.37549	0.508751	
22.8	1.52526e+09	3.14159	2.30006	0.489722	
22.85	1.52526e+09	3.14159	2.26912	0.512848	
22.9001	1.52526e+09	3.14159	2.39508	0.676833	
22.95	1.52526e+09	3.14159	2.22745	0.492681	
23	1.52526e+09	3.14159	2.35056	0.619458	
23.0501	1.52526e+09	3.14159	2.26165	0.5009	
23.1	1.52526e+09	3.14159	2.29429	0.650712	
23.15	1.52526e+09	3.14159	2.46613	0.450152	
23.2004	1.52526e+09	3.14159	2.23994	0.625279	
23.25	1.52526e+09	3.14159	2.57734	0.523936	
23.3	1.52526e+09	3.14159	2.36258	0.57472	
23.35	1.52526e+09	3.14159	2.27127	0.486834	
23.4	1.52526e+09	3.14159	2.39002	0.487216	
23.45	1.52526e+09	3.14159	2.22651	0.524625	
23.5	1.52526e+09	3.14159	2.30256	0.514187	
23.55	1.52526e+09	3.14159	2.35056	0.489477	
23.6	1.52526e+09	3.14159	2.28916	0.654222	
23.65	1.52526e+09	3.14159	2.42281	0.482293	
23.7	1.52526e+09	3.14159	2.24894	0.60327	
23.7505	1.52526e+09	3.14159	2.29628	0.483851	
23.8	1.52526e+09	3.14159	2.26308	0.68023	
23.85	1.52526e+09	3.14159	2.29303	0.508494	
23.9004	1.52526e+09	3.14159	2.44053	0.523247	
23.95	1.52526e+09	3.14159	2.22418	0.506541	
24.0005	1.52526e+09	3.14159	2.27785	0.474244	
24.05	1.52526e+09	3.14159	2.29948	0.500365	
24.1	1.52526e+09	3.14159	2.23193	0.638297	
24.15	1.52526e+09	3.14159	2.41475	0.485506	
24.2003	1.52526e+09	3.14159	2.22318	0.64605	
24.2501	1.52526e+09	3.14159	2.41673	0.478527	
24.3	1.52526e+09	3.14159	2.28033	0.488879	
24.35	1.52526e+09	3.14159	2.3053	0.527888	
24.4002	1.52526e+09	3.14159	2.35762	0.492589	
24.4501	1.52526e+09	3.14159	2.23666	0.51343	
24.5004	1.52526e+09	3.14159	2.38581	0.574522	
24.5502	1.52526e+09	3.14159	2.25232	0.496253	
24.6001	1.52526e+09	3.14159	2.29419	0.684155	
24.65	1.52526e+09	3.14159	2.43178	0.494174	
24.7	1.52526e+09	3.14159	2.23379	0.509247	
24.75	1.52526e+09	3.14159	2.42951	0.570866	
24.8	1.52526e+09	3.14159	2.2994	0.638904	
24.85	1.52526e+09	3.14159	2.27487	0.483147	
24.9	1.52526e+09	3.14159	2.45026	0.767982	
24.95	1.52526e+09	3.14159	2.25263	0.696979	
25	1.52526e+09	3.14159	2.34139	0.474774	
25.05	1.52526e+09	3.14159	2.21946	0.508607	
25.1	1.52526e+09	3.14159	2.33008	0.500101	
25.1503	1.52526e+09	3.14159	2.39494	0.515336	
25.2	1.52526e+09	3.14159	2.2371	0.504886	
25.2501	1.52526e+09	3.14159	2.50596	0.500422	
25.3	1.52526e+09	3.14159	2.28442	0.51273	
25.35	1.52526e+09	3.14159	2.26007	0.499031	
25.4	1.52526e+09	3.14159	2.47625	0.519121	
25.4501	1.52526e+09	3.14159	2.27435	0.497946	
25.5	1.52526e+09	3.14159	2.30328	0.586968	
25.55	1.52526e+09	3.14159	2.32706	0.505644	
25.6	1.52526e+09	3.14159	2.32565	0.626673	
25.6501	1.52526e+09	3.14159	2.48505	0.504312	
25.7003	1.52526e+09	3.14159	2.20206	0.480955	
25.75	1.52526e+09	3.14159	2.36643	0.607915	
25.8005	1.52526e+09	3.14159	2.31338	0.524817	
25.85	1.52526e+09	3.14159	2.29392	0.477195	
25.9	1.52526e+09	3.14159	2.36607	0.487143	
25.95	1.52526e+09	3.14159	2.24174	0.489333	
26.0004	1.52526e+09	3.14159	2.29546	0.483661	
26.05	1.52526e+09	3.14159	2.23363	0.614576	
26.1	1.52526e+09	3.14159	2.27291	0.685415	
26.1501	1.52526e+09	3.14159	2.41879	0.490486	
26.2002	1.52526e+09	3.14159	2.21225	0.517628	
26.25	1.52526e+09	3.14159	2.45781	0.654688	
26.3	1.52526e+09	3.14159	2.30716	0.483974	
26.3503	1.52526e+09	3.14159	2.2871	0.515262	
26.4	1.52526e+09	3.14159	2.35069	0.476128	
26.45	1.52526e+09	3.14159	2.23189	0.541977	
26.5	1.52526e+09	3.14159	2.32473	0.502448	
26.5501	1.52526e+09	3.14159	2.3435	0.511713	
26.6001	1.52526e+09	3.14159	2.30331	0.488836	
26.6506	1.52526e+09	3.14159	2.42852	0.567855	
26.7002	1.52526e+09	3.14159	2.24544	0.484634	
26.75	1.52526e+09	3.14159	2.38775	0.496717	
26.8	1.52526e+09	3.14159	2.3056	0.689772	
26.8502	1.52526e+09	3.14159	2.30318	0.516992	
26.9	1.52526e+09	3.14159	2.34482	0.689589	
26.9502	1.52526e+09	3.14159	2.22428	0.494779	
27	1.52526e+09	3.14159	2.31856	0.629332	
27.0505	1.52526e+09	3.14159	2.26659	0.506532	
27.1001	1.52526e+09	3.14159	2.34309	0.481862	
27.15	1.52526e+09	3.14159	2.37722	0.514336	
27.2002	1.52526e+09	3.14159	2.24516	0.658789	
27.25	1.52526e+09	3.14159	2.54936	0.491104	
27.3	1.52526e+09	3.14159	2.35962	0.660118	
27.3505	1.52526e+09	3.14159	2.31333	0.56527	
27.4	1.52526e+09	3.14159	2.43323	0.557135	
27.4501	1.52526e+09	3.14159	2.23432	0.505761	
27.5	1.52526e+09	3.14159	2.31701	0.635308	
27.5501	1.52526e+09	3.14159	2.32565	0.484516	
27.6	1.52526e+09	3.14159	2.30665	0.534299	
27.6503	1.52526e+09	3.14159	2.37122	0.497344	
27.7	1.52526e+09	3.14159	2.34081	0.572329	
27.75	1.52526e+09	3.14159	2.33973	0.487291	
27.8	1.52526e+09	3.14159	2.28369	0.484425	
27.8501	1.52526e+09	3.14159	2.29476	0.552443	
27.9	1.52526e+09	3.14159	2.40593	0.589436	
27.9504	1.52526e+09	3.14159	2.2448	0.535325	
28.0004	1.52526e+09	3.14159	2.49634	0.478002	
28.05	1.52526e+09	3.14159	2.27399	0.513144	
28.1004	1.52526e+09	3.14159	2.28972	0.615544	
28.15	1.52526e+09	3.14159	2.48248	0.512887	
28.2006	1.52526e+09	3.14159	2.22165	0.632882	
28.2503	1.52526e+09	3.14159	2.42201	0.519596	
28.3	1.52526e+09	3.14159	2.24408	0.615138	
28.35	1.52526e+09	3.14159	2.29167	0.51949	
28.4	1.52526e+09	3.14159	2.41699	0.550478	
28.4501	1.52526e+09	3.14159	2.27151	0.4916	
28.5	1.52526e+09	3.14159	2.33306	0.483103	
28.5504	1.52526e+09	3.14159	2.33952	0.464637	
28.6005	1.52526e+09	3.14159	2.44294	0.524396	
28.6502	1.52526e+09	3.14159	2.47556	0.508799	
28.7002	1.52526e+09	3.14159	2.24457	0.53255	
28.75	1.52526e+09	3.14159	2.44058	0.504733	
28.8	1.52526e+09	3.14159	2.30693	0.507237	
28.8502	1.52526e+09	3.14159	2.24892	0.490181	
28.9	1.52526e+09	3.14159	2.38246	0.552842	
28.9506	1.52526e+09	3.14159	2.23808	0.484985	
29	1.52526e+09	3.14159	2.2887	0.485418	
29.0503	1.52526e+09	3.14159	2.29716	0.509999	
29.1	1.52526e+09	3.14159	2.30519	0.488948	
29.15	1.52526e+09	3.14159	2.32943	0.501978	
29.2	1.52526e+09	3.14159	2.26009	0.503297	
29.25	1.52526e+09	3.14159	2.45876	0.508582	
29.3007	1.52526e+09	3.14159	2.30128	0.547924	
29.3504	1.52526e+09	3.14159	2.26501	0.495092	
29.4	1.52526e+09	3.14159	2.41398	0.523327	
29.45	1.52526e+09	3.14159	2.22415	0.571999	
29.5001	1.52526e+09	3.14159	2.30395	0.502205	
29.5501	1.52526e+09	3.14159	2.34152	0.508686	
29.6	1.52526e+09	3.14159	2.28291	0.48988	
29.6506	1.52526e+09	3.14159	2.42143	0.486842	
29.7	1.52526e+09	3.14159	2.26771	0.482677	
29.7502	1.52526e+09	3.14159	2.39133	0.488905	
29.8	1.52526e+09	3.14159	2.23908	0.484987	
29.85	1.52526e+09	3.14159	2.30332	0.530645	
29.9001	1.52526e+09	3.14159	2.39491	0.488333	
29.95	1.52526e+09	3.14159	2.23623	0.502849	
30	1.52526e+09	3.14159	2.31219	0.517993	
30.05	1.52526e+09	3.14159	2.24867	0.525455	
30.1008	1.52526e+09	3.14159	2.31057	0.5046	
30.15	1.52526e+09	3.14159	2.39461	0.496643	
30.2	1.52526e+09	3.14159	2.22984	0.497101	
30.25	1.52526e+09	3.14159	2.37524	0.479975	
30.3	1.52526e+09	3.14159	2.30909	0.502071	
30.35	1.52526e+09	3.14159	2.30678	0.491367	
30.4	1.52526e+09	3.14159	2.41197	0.513319	
30.4503	1.52526e+09	3.14159	2.26561	0.53417	
30.5	1.52526e+09	3.14159	2.28612	0.485994	
30.55	1.52526e+09	3.14159	2.33985	0.485323	
30.6	1.52526e+09	3.14159	2.29308	0.511075	
30.6502	1.52526e+09	3.14159	2.40408	0.54044	
30.7004	1.52526e+09	3.14159	2.23324	0.467067	
30.75	1.52526e+09	3.14159	2.34405	0.536195	
30.8005	1.52526e+09	3.14159	2.30406	0.539154	
30.8504	1.52526e+09	3.14159	2.3114	0.492752	
30.9002	1.52526e+09	3.14159	2.36746	0.477737	
30.95	1.52526e+09	3.14159	2.23462	0.503249	
31	1.52526e+09	3.14159	2.29749	0.525803	
31.05	1.52526e+09	3.14159	2.26606	0.488764	
31.1001	1.52526e+09	3.14159	2.27131	0.47978	
31.1505	1.52526e+09	3.14159	2.3928	0.499088	
31.2003	1.52526e+09	3.14159	2.25322	0.46684	
31.25	1.52526e+09	3.14159	2.32742	0.532799	
31.3	1.52526e+09	3.14159	2.24761	0.51149	
31.35	1.52526e+09	3.14159	2.29356	0.502589	
31.4001	1.52526e+09	3.14159	2.39277	0.548541	
31.4501	1.52526e+09	3.14159	2.23784	0.526645	
31.5	1.52526e+09	3.14159	2.27446	0.487651	
31.55	1.52526e+09	3.14159	2.35028	0.494917	
31.6	1.52526e+09	3.14159	2.22662	0.492438	
31.65	1.52526e+09	3.14159	2.41023	0.505049	
31.7	1.52526e+09	3.14159	2.24397	0.513569	
31.75	1.52526e+09	3.14159	2.33273	0.502245	
31.8005	1.52526e+09	3.14159	2.27705	0.498667	
31.8501	1.52526e+09	3.14159	2.26085	0.496247	
31.9	1.52526e+09	3.14159	2.39292	0.526365	
31.95	1.52526e+09	3.14159	2.2692	0.532522	
32	1.52526e+09	3.14159	2.38827	0.536015	
32.05	1.52526e+09	3.14159	2.28802	0.511131	
32.1	1.52526e+09	3.14159	2.26935	0.513781	
32.15	1.52526e+09	3.14159	2.36255	0.485414	
32.2002	1.52526e+09	3.14159	2.22785	0.502218	
32.2501	1.52526e+09	3.14159	2.46268	0.505662	
32.3002	1.52526e+09	3.14159	2.33944	0.48202	
32.3503	1.52526e+09	3.14159	2.31633	0.506843	
32.4	1.52526e+09	3.14159	2.35205	0.516176	
32.4501	1.52526e+09	3.14159	2.23369	0.596492	
32.5	1.52526e+09	3.14159	2.31399	0.543952	
32.55	1.52526e+09	3.14159	2.40649	0.499779	
32.6003	1.52526e+09	3.14159	2.27692	0.516961	
32.65	1.52526e+09	3.14159	2.4919	0.51348	
32.7	1.52526e+09	3.14159	2.22071	0.534391	
32.75	1.52526e+09	3.14159	2.30366	0.485474	
32.8001	1.52526e+09	3.14159	2.31463	0.502542	
32.8501	1.52526e+09	3.14159	2.22894	0.510628	
32.9	1.52526e+09	3.14159	2.46091	0.534022	
32.9503	1.52526e+09	3.14159	2.24064	0.48843	
33	1.52526e+09	3.14159	2.3218	0.564063	
33.05	1.52526e+09	3.14159	2.3012	0.504799	
33.1	1.52526e+09	3.14159	2.29354	0.507158	
33.15	1.52526e+09	3.14159	2.3883	0.539991	
33.2	1.52526e+09	3.14159	2.21053	0.4865	
33.2501	1.52526e+09	3.14159	2.48049	0.500867	
33.3	1.52526e+09	3.14159	2.33268	0.587605	
33.35	1.52526e+09	3.14159	2.24659	0.516804	
33.4003	1.52526e+09	3.14159	2.39638	0.493151	
33.45	1.52526e+09	3.14159	2.22489	0.521199	
33.5	1.52526e+09	3.14159	2.22334	0.502726	
33.55	1.52526e+09	3.14159	2.36251	0.505714	
33.6	1.52526e+09	3.14159	2.25713	0.502979	
33.65	1.52526e+09	3.14159	2.40587	0.566087	
33.7003	1.52526e+09	3.14159	2.24938	0.484693	
33.75	1.52526e+09	3.14159	2.38338	0.502869	
33.8	1.52526e+09	3.14159	2.30816	0.516015	
33.85	1.52526e+09	3.14159	2.29176	0.542431	
33.9	1.52526e+09	3.14159	2.3687	0.490515	
33.95	1.52526e+09	3.14159	2.23673	0.528573	
34	1.52526e+09	3.14159	2.25269	0.496159	
34.05	1.52526e+09	3.14159	2.29992	0.544282	
34.1002	1.52526e+09	3.14159	2.24433	0.490747	
34.15	1.52526e+09	3.14159	2.39028	0.516848	
34.2001	1.52526e+09	3.14159	2.23464	0.502442	
34.25	1.52526e+09	3.14159	2.35672	0.517512	
34.3004	1.52526e+09	3.14159	2.29927	0.551939	
34.35	1.52526e+09	3.14159	2.2951	0.503989	
34.4004	1.52526e+09	3.14159	2.44598	0.515348	
34.4502	1.52526e+09	3.14159	2.22092	0.519716	
34.5005	1.52526e+09	3.14159	2.32373	0.474421	
34.5502	1.52526e+09	3.14159	2.37576	0.496467	
34.6001	1.52526e+09	3.14159	2.29311	0.503032	
34.65	1.52526e+09	3.14159	2.34293	0.499267	
34.7002	1.52526e+09	3.14159	2.26769	0.546476	
34.7501	1.52526e+09	3.14159	2.47348	0.519892	
34.8	1.52526e+09	3.14159	2.31816	0.541881	
34.85	1.52526e+09	3.14159	2.27568	0.505445	
34.9	1.52526e+09	3.14159	2.35422	0.473956	
34.95	1.52526e+09	3.14159	2.21782	0.561889	
35	1.52526e+09	3.14159	2.25364	0.528734	
35.05	1.52526e+09	3.14159	2.2687	0.51143	
35.1001	1.52526e+09	3.14159	2.31943	0.512752	
35.1501	1.52526e+09	3.14159	2.42497	0.530924	
35.2001	1.52526e+09	3.14159	2.22194	0.537166	
35.25	1.52526e+09	3.14159	2.56542	0.507039	
35.3	1.52526e+09	3.14159	2.38395	0.512304	
35.3501	1.52526e+09	3.14159	2.29135	0.502794	
35.4	1.52526e+09	3.14159	2.43946	0.548176	
35.45	1.52526e+09	3.14159	2.21817	0.501885	
35.5003	1.52526e+09	3.14159	2.25911	0.521017	
35.55	1.52526e+09	3.14159	2.29977	0.556446	
35.6001	1.52526e+09	3.14159	2.28374	0.610514	
35.65	1.52526e+09	3.14159	2.50929	0.525127	
35.7	1.52526e+09	3.14159	2.21357	0.490474	
35.75	1.52526e+09	3.14159	2.3412	0.514012	
35.8001	1.52526e+09	3.14159	2.32646	0.488705	
35.85	1.52526e+09	3.14159	2.33491	0.50529	
35.9	1.52526e+09	3.14159	2.41841	0.518898	
35.9501	1.52526e+09	3.14159	2.24567	0.498422	
36	1.52526e+09	3.14159	2.32177	0.528195	
36.0507	1.52526e+09	3.14159	2.3343	0.48187	
36.1	1.52526e+09	3.14159	2.25801	0.501092	
36.15	1.52526e+09	3.14159	2.43683	0.557541	
36.2	1.52526e+09	3.14159	2.41764	0.529343	
36.25	1.52526e+09	3.14159	2.36031	0.50491	
36.3005	1.52526e+09	3.14159	2.36445	0.57285	
36.35	1.52526e+09	3.14159	2.21539	0.498667	
36.4001	1.52526e+09	3.14159	2.46663	0.584806	
36.45	1.52526e+09	3.14159	2.23006	0.532045	
36.5	1.52526e+09	3.14159	2.36495	0.56134	
36.55	1.52526e+09	3.14159	2.49265	0.481696	
36.6004	1.52526e+09	3.14159	2.32198	0.509202	
36.6503	1.52526e+09	3.14159	2.41581	0.51549	
36.7001	1.52526e+09	3.14159	2.24304	0.586146	
36.75	1.52526e+09	3.14159	2.37845	0.493649	
36.8	1.52526e+09	3.14159	2.33591	0.545259	
36.85	1.52526e+09	3.14159	2.35306	0.487616	
36.9	1.52526e+09	3.14159	2.40447	0.590772	
36.9505	1.52526e+09	3.14159	2.21233	0.499724	
37	1.52526e+09	3.14159	2.35061	0.548063	
37.05	1.52526e+09	3.14159	2.33386	0.515342	
37.1002	1.52526e+09	3.14159	2.3401	0.487078	
37.1501	1.52526e+09	3.14159	2.32049	0.528322	
37.2	1.52526e+09	3.14159	2.2207	0.50714	
37.25	1.52526e+09	3.14159	2.42688	0.492407	
37.3	1.52526e+09	3.14159	2.31998	0.492185	
37.35	1.52526e+09	3.14159	2.26106	0.486026	
37.4	1.52526e+09	3.14159	2.39968	0.542628	
37.45	1.52526e+09	3.14159	2.24173	0.502357	
37.5	1.52526e+09	3.14159	2.37011	0.519136	
37.55	1.52526e+09	3.14159	2.31926	0.51003	
37.6	1.52526e+09	3.14159	2.28264	0.502494	
37.65	1.52526e+09	3.14159	2.3907	0.506556	
37.7	1.52526e+09	3.14159	2.25142	0.520699	
37.75	1.52526e+09	3.14159	2.31813	0.509049	
37.8	1.52526e+09	3.14159	2.28865	0.485466	
37.85	1.52526e+09	3.14159	2.26769	0.530258	
37.9	1.52526e+09	3.14159	2.47235	0.564063	
37.95	1.52526e+09	3.14159	2.21921	0.507855	
38	1.52526e+09	3.14159	2.35725	0.488171	
38.0502	1.52526e+09	3.14159	2.32086	0.495951	
38.1	1.52526e+09	3.14159	2.42272	0.552625	
38.1503	1.52526e+09	3.14159	2.43173	0.506577	
38.2001	1.52526e+09	3.14159	2.24483	0.577348	
38.2505	1.52526e+09	3.14159	2.53588	0.565219	
38.3	1.52526e+09	3.14159	2.37632	0.61014	
38.35	1.52526e+09	3.14159	2.29238	0.492754	
38.4	1.52526e+09	3.14159	2.42098	0.54135	
38.4503	1.52526e+09	3.14159	2.229	0.518088	
38.5	1.52526e+09	3.14159	2.341	0.550249	
38.55	1.52526e+09	3.14159	2.27506	0.51508	
38.6002	1.52526e+09	3.14159	2.33545	0.454131	
38.6504	1.52526e+09	3.14159	2.36232	0.526933	
38.7002	1.52526e+09	3.14159	2.25764	0.551522	
38.75	1.52526e+09	3.14159	2.42134	0.495939	
38.8	1.52526e+09	3.14159	2.28999	0.561792	
38.8503	1.52526e+09	3.14159	2.2887	0.480417	
38.9	1.52526e+09	3.14159	2.39075	0.575588	
38.9504	1.52526e+09	3.14159	2.22415	0.539725	
39.0004	1.52526e+09	3.14159	2.23753	0.482527	
39.0502	1.52526e+09	3.14159	2.23103	0.50705	
39.1003	1.52526e+09	3.14159	2.31649	0.551732	
39.1516	1.52526e+09	3.14159	2.47168	0.497661	
39.2001	1.52526e+09	3.14159	2.21439	0.502665	
39.25	1.52526e+09	3.14159	2.47744	0.505921	
39.3001	1.52526e+09	3.14159	2.32175	0.554484	
39.3502	1.52526e+09	3.14159	2.31229	0.51057	
39.4	1.52526e+09	3.14159	2.35967	0.499551	
39.45	1.52526e+09	3.14159	2.23783	0.513264	
39.5003	1.52526e+09	3.14159	2.32343	0.512763	
39.55	1.52526e+09	3.14159	2.39003	0.52525	
39.6	1.52526e+09	3.14159	2.31755	0.511631	
39.65	1.52526e+09	3.14159	2.47651	0.517857	
39.7	1.52526e+09	3.14159	2.32275	0.530079	
39.75	1.52526e+09	3.14159	2.33913	0.514079	
39.8005	1.52526e+09	3.14159	2.23208	0.510002	
39.85	1.52526e+09	3.14159	2.31745	0.517126	
39.9	1.52526e+09	3.14159	2.32783	0.520371	
39.95	1.52526e+09	3.14159	2.20542	0.490609	
40	1.52526e+09	3.14159	2.33934	0.620764	
40.05	1.52526e+09	3.14159	2.25423	0.492242	
40.1	1.52526e+09	3.14159	2.2777	0.490417	
40.15	1.52526e+09	3.14159	2.34447	0.510744	
40.2	1.52526e+09	3.14159	2.24097	0.503923	
40.25	1.52526e+09	3.14159	2.5456	0.490382	
40.3	1.52526e+09	3.14159	2.27302	0.48938	
40.3504	1.52526e+09	3.14159	2.33382	0.513377	
40.4	1.52526e+09	3.14159	2.38117	0.489406	
40.45	1.52526e+09	3.14159	2.20201	0.515044	
40.5	1.52526e+09	3.14159	2.32947	0.476686	
40.55	1.52526e+09	3.14159	2.29225	0.500887	
40.6004	1.52526e+09	3.14159	2.27101	0.498099	
40.65	1.52526e+09	3.14159	2.37913	0.543161	
40.7	1.52526e+09	3.14159	2.19541	0.50863	
40.75	1.52526e+09	3.14159	2.29842	0.526756	
40.8	1.52526e+09	3.14159	2.2526	0.514511	
40.85	1.52526e+09	3.14159	2.28673	0.498165	
40.9	1.52526e+09	3.14159	2.32175	0.484402	
40.9502	1.52526e+09	3.14159	2.20473	0.609439	
41	1.52526e+09	3.14159	2.31752	0.535685	
41.0504	1.52526e+09	3.14159	2.27721	0.486896	
41.1002	1.52526e+09	3.14159	2.24529	0.507725	
41.15	1.52526e+09	3.14159	2.35378	0.54548	
41.2005	1.52526e+09	3.14159	2.41231	0.522989	
41.25	1.52526e+09	3.14159	2.50024	0.511149	
41.3	1.52526e+09	3.14159	2.31784	0.507216	
41.35	1.52526e+09	3.14159	2.27907	0.516072	
41.4	1.52526e+09	3.14159	2.37872	0.569599	
41.45	1.52526e+09	3.14159	2.23401	0.516079	
41.5	1.52526e+09	3.14159	2.35669	0.638676	
41.5502	1.52526e+09	3.14159	2.34645	0.500755	
41.6	1.52526e+09	3.14159	2.28327	0.523217	
41.65	1.52526e+09	3.14159	2.43573	0.646739	
41.7001	1.52526e+09	3.14159	2.26873	0.606495	
41.75	1.52526e+09	3.14159	2.38793	0.552379	
41.8001	1.52526e+09	3.14159	2.30858	0.57767	
41.85	1.52526e+09	3.14159	2.32086	0.511866	
41.9003	1.52526e+09	3.14159	2.35732	0.492882	
41.95	1.52526e+09	3.14159	2.2342	0.490867	
42	1.52526e+09	3.14159	2.34274	0.58856	
42.0502	1.52526e+09	3.14159	2.28303	0.49009	
42.1	1.52526e+09	3.14159	2.30835	0.481553	
42.1504	1.52526e+09	3.14159	2.34902	0.513539	
42.2	1.52526e+09	3.14159	2.23436	0.524795	
42.2501	1.52526e+09	3.14159	2.48135	0.503002	
42.3002	1.52526e+09	3.14159	2.34088	0.498312	
42.35	1.52526e+09	3.14159	2.34771	0.515515	
42.4	1.52526e+09	3.14159	2.43331	0.495982	
42.45	1.52526e+09	3.14159	2.23703	0.543256	
42.5	1.52526e+09	3.14159	2.3084	0.511777	
42.5502	1.52526e+09	3.14159	2.345	0.488353	
42.6	1.52526e+09	3.14159	2.25275	0.687101	
42.65	1.52526e+09	3.14159	2.43083	0.563536	
42.7003	1.52526e+09	3.14159	2.2302	0.481853	
42.75	1.52526e+09	3.14159	2.2788	0.534363	
42.8	1.52526e+09	3.14159	2.23906	0.536738	
42.8502	1.52526e+09	3.14159	2.3187	0.474232	
42.9	1.52526e+09	3.14159	2.2986	0.52672	
42.9501	1.52526e+09	3.14159	2.27743	0.559452	
43	1.52526e+09	3.14159	2.23912	0.56003	
43.05	1.52526e+09	3.14159	2.24007	0.518551	
43.1	1.52526e+09	3.14159	2.30027	0.537916	
43.1501	1.52526e+09	3.14159	2.4022	0.496059	
43.2	1.52526e+09	3.14159	2.23969	0.466135	
43.25	1.52526e+09	3.14159	2.48874	0.5667	
43.3003	1.52526e+09	3.14159	2.34136	0.479814	
43.35	1.52526e+09	3.14159	2.29447	0.498833	
43.4002	1.52526e+09	3.14159	2.36057	0.541911	
43.45	1.52526e+09	3.14159	2.27328	0.474249	
43.5003	1.52526e+09	3.14159	2.33324	0.565015	
43.5503	1.52526e+09	3.14159	2.32399	0.511196	
43.6001	1.52526e+09	3.14159	2.26565	0.502713	
43.65	1.52526e+09	3.14159	2.37916	0.477705	
43.7	1.52526e+09	3.14159	2.21755	0.501507	
43.75	1.52526e+09	3.14159	2.33753	0.483999	
43.8	1.52526e+09	3.14159	2.30864	0.483503	
43.8504	1.52526e+09	3.14159	2.29426	0.485863	
43.9	1.52526e+09	3.14159	2.32977	0.50942	
43.95	1.52526e+09	3.14159	2.23996	0.510133	
44.0005	1.52526e+09	3.14159	2.26202	0.506093	
44.05	1.52526e+09	3.14159	2.24749	0.503916	
44.1	1.52526e+09	3.14159	2.26893	0.597293	
44.1504	1.52526e+09	3.14159	2.38259	0.588753	
44.2	1.52526e+09	3.14159	2.20994	0.491099	
44.25	1.52526e+09	3.14159	2.46909	0.511258	
44.3	1.52526e+09	3.14159	2.27203	0.503087	
44.3501	1.52526e+09	3.14159	2.23844	0.513655	
44.4	1.52526e+09	3.14159	2.39282	0.537481	
44.4505	1.52526e+09	3.14159	2.21737	0.477665	
44.5	1.52526e+09	3.14159	2.25522	0.480906	
44.5504	1.52526e+09	3.14159	2.37652	0.520729	
44.6	1.52526e+09	3.14159	2.2487	0.479702	
44.6501	1.52526e+09	3.14159	2.45021	0.473636	
44.7006	1.52526e+09	3.14159	2.26407	0.506386	
44.7506	1.52526e+09	3.14159	2.47359	0.490108	
44.8	1.52526e+09	3.14159	2.31175	0.505415	
44.85	1.52526e+09	3.14159	2.27025	0.48385	
44.9	1.52526e+09	3.14159	2.35762	0.482579	
44.95	1.52526e+09	3.14159	2.22928	0.517813	
45	1.52526e+09	3.14159	2.2579	0.501204	
45.05	1.52526e+09	3.14159	2.29711	0.529636	
45.1	1.52526e+09	3.14159	2.29079	0.499353	
45.1503	1.52526e+09	3.14159	2.3184	0.481748	
45.2	1.52526e+09	3.14159	2.25808	0.56409	
45.25	1.52526e+09	3.14159	2.41668	0.457395	
45.3004	1.52526e+09	3.14159	2.36684	0.457342	
45.35	1.52526e+09	3.14159	2.28076	0.503673	
45.4	1.52526e+09	3.14159	2.38133	0.476885	
45.4506	1.52526e+09	3.14159	2.24545	0.514914	
45.5	1.52526e+09	3.14159	2.27929	0.501557	
45.55	1.52526e+09	3.14159	2.3994	0.500865	
45.6	1.52526e+09	3.14159	2.23721	0.507874	
45.65	1.52526e+09	3.14159	2.40376	0.500602	
45.7	1.52526e+09	3.14159	2.22532	0.498744	
45.75	1.52526e+09	3.14159	2.2934	0.49273	
45.8	1.52526e+09	3.14159	2.30282	0.516348	
45.85	1.52526e+09	3.14159	2.28762	0.535552	
45.9001	1.52526e+09	3.14159	2.40322	0.475016	
45.95	1.52526e+09	3.14159	2.28171	0.489412	
46	1.52526e+09	3.14159	2.26756	0.525872	
46.05	1.52526e+09	3.14159	2.28575	0.49458	
46.1	1.52526e+09	3.14159	2.27035	0.509775	
46.15	1.52526e+09	3.14159	2.36545	0.490767	
46.2	1.52526e+09	3.14159	2.23632	0.497756	
46.2501	1.52526e+09	3.14159	2.49155	0.492804	
46.3005	1.52526e+09	3.14159	2.30845	0.493952	
46.35	1.52526e+09	3.14159	2.26393	0.506966	
46.4	1.52526e+09	3.14159	2.30909	0.554739	
46.4504	1.52526e+09	3.14159	2.43735	0.51954	
46.5	1.52526e+09	3.14159	2.27919	0.547167	
46.55	1.52526e+09	3.14159	2.38409	0.502157	
46.6	1.52526e+09	3.14159	2.29717	0.525003	
46.65	1.52526e+09	3.14159	2.44064	0.484652	
46.7	1.52526e+09	3.14159	2.24207	0.50202	
46.75	1.52526e+09	3.14159	2.37129	0.535979	
46.8	1.52526e+09	3.14159	2.29446	0.533337	
46.85	1.52526e+09	3.14159	2.36419	0.535477	
46.9	1.52526e+09	3.14159	2.34952	0.492393	
46.95	1.52526e+09	3.14159	2.26089	0.508221	
47	1.52526e+09	3.14159	2.30823	0.496726	
47.05	1.52526e+09	3.14159	2.27553	0.487892	
47.1	1.52526e+09	3.14159	2.27869	0.504438	
47.1505	1.52526e+09	3.14159	2.35686	0.505533	
47.2	1.52526e+09	3.14159	2.21805	0.48399	
47.25	1.52526e+09	3.14159	2.44917	0.491531	
47.3	1.52526e+09	3.14159	2.35704	0.507184	
47.3504	1.52526e+09	3.14159	2.26217	0.462893	
47.4	1.52526e+09	3.14159	2.38694	0.608432	
47.45	1.52526e+09	3.14159	2.23847	0.516611	
47.5	1.52526e+09	3.14159	2.29424	0.493899	
47.55	1.52526e+09	3.14159	2.33403	0.492146	
47.6004	1.52526e+09	3.14159	2.29581	0.572729	
47.65	1.52526e+09	3.14159	2.3698	0.518915	
47.7001	1.52526e+09	3.14159	2.19158	0.520473	
47.75	1.52526e+09	3.14159	2.31206	0.516448	
47.8008	1.52526e+09	3.14159	2.33307	0.518902	
47.85	1.52526e+09	3.14159	2.27303	0.507095	
47.9	1.52526e+09	3.14159	2.4401	0.499212	
47.95	1.52526e+09	3.14159	2.20178	0.517274	
48	1.52526e+09	3.14159	2.26111	0.505005	
48.05	1.52526e+09	3.14159	2.3467	0.508584	
48.1	1.52526e+09	3.14159	2.26701	0.490049	
48.15	1.52526e+09	3.14159	2.36318	0.490028	
48.2007	1.52526e+09	3.14159	2.21912	0.488928	
48.25	1.52526e+09	3.14159	2.40604	0.495764	
48.3003	1.52526e+09	3.14159	2.3148	0.497361	
48.35	1.52526e+09	3.14159	2.25975	0.502355	
48.4	1.52526e+09	3.14159	2.39677	0.521512	
48.45	1.52526e+09	3.14159	2.30113	0.510036	
48.5006	1.52526e+09	3.14159	2.33144	0.499991	
48.5503	1.52526e+09	3.14159	2.37115	0.546127	
48.6	1.52526e+09	3.14159	2.25935	0.484742	
48.6501	1.52526e+09	3.14159	2.43619	0.499113	
48.7	1.52526e+09	3.14159	2.21573	0.551379	
48.75	1.52526e+09	3.14159	2.34733	0.515889	
48.8004	1.52526e+09	3.14159	2.31023	0.487107	
48.85	1.52526e+09	3.14159	2.29264	0.486483	
48.9	1.52526e+09	3.14159	2.33413	0.51808	
48.95	1.52526e+09	3.14159	2.21694	0.572264	
49	1.52526e+09	3.14159	2.21354	0.481314	
49.05	1.52526e+09	3.14159	2.30708	0.523106	
49.1	1.52526e+09	3.14159	2.32071	0.495424	
49.15	1.52526e+09	3.14159	2.40545	0.491809	
49.2001	1.52526e+09	3.14159	2.22047	0.492919	
49.2504	1.52526e+09	3.14159	2.36344	0.514482	
49.3003	1.52526e+09	3.14159	2.31136	0.503715	
49.35	1.52526e+09	3.14159	2.26166	0.498444	
49.4	1.52526e+09	3.14159	2.37516	0.507082	
49.4502	1.52526e+09	3.14159	2.22379	0.516514	
49.5001	1.52526e+09	3.14159	2.33143	0.536052	
49.55	1.52526e+09	3.14159	2.42055	0.477664	
49.6	1.52526e+09	3.14159	2.26322	0.517913	
49.6504	1.52526e+09	3.14159	2.38091	0.488317	
49.7	1.52526e+09	3.14159	2.24597	0.506943	
49.7502	1.52526e+09	3.14159	2.32969	0.474933	
49.8005	1.52526e+09	3.14159	2.26979	0.49232	
49.85	1.52526e+09	3.14159	2.24156	0.482793	
49.9	1.52526e+09	3.14159	2.38389	0.486696	
49.9504	1.52526e+09	3.14159	2.21174	0.522335	
50	1.52526e+09	3.14159	2.36354	0.492574	
50.0501	1.52526e+09	3.14159	2.33521	0.477957	
50.1	1.52526e+09	3.14159	2.27639	0.502732	
50.15	1.52526e+09	3.14159	2.39279	0.505475	
50.2001	1.52526e+09	3.14159	2.22462	0.527479	
50.2501	1.52526e+09	3.14159	2.38884	0.482333	
50.3006	1.52526e+09	3.14159	2.30504	0.500114	
50.3501	1.52526e+09	3.14159	2.25183	0.47223	
50.4	1.52526e+09	3.14159	2.47449	0.493846	
50.45	1.52526e+09	3.14159	2.22273	0.515348	
50.5004	1.52526e+09	3.14159	2.31236	0.481098	
50.5502	1.52526e+09	3.14159	2.3406	0.493586	
50.6001	1.52526e+09	3.14159	2.27376	0.487343	
50.6504	1.52526e+09	3.14159	2.44194	0.50437	
50.7003	1.52526e+09	3.14159	2.22227	0.504798	
50.75	1.52526e+09	3.14159	2.34156	0.480619	
50.8	1.52526e+09	3.14159	2.31909	0.497079	
50.8501	1.52526e+09	3.14159	2.23291	0.487151	
50.9	1.52526e+09	3.14159	2.43727	0.491021	
50.9502	1.52526e+09	3.14159	2.25591	0.507369	
51.0002	1.52526e+09	3.14159	2.30151	0.528259	
51.0501	1.52526e+09	3.14159	2.27569	0.519449	
51.1	1.52526e+09	3.14159	2.27074	0.505171	
51.15	1.52526e+09	3.14159	2.40744	0.48681	
51.2	1.52526e+09	3.14159	2.21906	0.472964	
51.2504	1.52526e+09	3.14159	2.45513	0.481176	
51.3004	1.52526e+09	3.14159	2.34729	0.509635	
51.3502	1.52526e+09	3.14159	2.29964	0.485474	
51.4	1.52526e+09	3.14159	2.41535	0.521315	
51.4501	1.52526e+09	3.14159	2.26167	0.478726	
51.5	1.52526e+09	3.14159	2.31009	0.508586	
51.55	1.52526e+09	3.14159	2.30365	0.484379	
51.6001	1.52526e+09	3.14159	2.23804	0.497441	
51.6501	1.52526e+09	3.14159	2.38845	0.489652	
51.7	1.52526e+09	3.14159	2.26199	0.553092	
51.7505	1.52526e+09	3.14159	2.35746	0.489057	
51.8005	1.52526e+09	3.14159	2.28295	0.484123	
51.85	1.52526e+09	3.14159	2.29828	0.492969	
51.9	1.52526e+09	3.14159	2.33474	0.501632	
51.9504	1.52526e+09	3.14159	2.22033	0.511737	
52	1.52526e+09	3.14159	2.33282	0.507956	
52.0504	1.52526e+09	3.14159	2.23773	0.499045	
52.1008	1.52526e+09	3.14159	2.26186	0.464685	
52.15	1.52526e+09	3.14159	2.38081	0.514856	
52.2	1.52526e+09	3.14159	2.22388	0.468121	
52.25	1.52526e+09	3.14159	2.40725	0.504298	
52.3001	1.52526e+09	3.14159	2.28573	0.470735	
52.35	1.52526e+09	3.14159	2.27218	0.492266	
52.4004	1.52526e+09	3.14159	2.38779	0.469986	
52.4503	1.52526e+09	3.14159	2.22985	0.482088	
52.5008	1.52526e+09	3.14159	2.39498	0.503098	
52.5501	1.52526e+09	3.14159	2.35861	0.467393	
52.6	1.52526e+09	3.14159	2.27399	0.490076	
52.65	1.52526e+09	3.14159	2.38511	0.547713	
52.7	1.52526e+09	3.14159	2.21721	0.540745	
52.7501	1.52526e+09	3.14159	2.30927	0.506077	
52.8002	1.52526e+09	3.14159	2.27579	0.566734	
52.85	1.52526e+09	3.14159	2.27262	0.474113	
52.9001	1.52526e+09	3.14159	2.43964	0.511389	
52.95	1.52526e+09	3.14159	2.21356	0.497513	
53	1.52526e+09	3.14159	2.29571	0.480369	
53.05	1.52526e+09	3.14159	2.25246	0.503127	
53.1001	1.52526e+09	3.14159	2.27492	0.488775	
53.1506	1.52526e+09	3.14159	2.32747	0.47366	
53.2	1.52526e+09	3.14159	2.25113	0.488408	
53.2506	1.52526e+09	3.14159	2.48763	0.495718	
53.3	1.52526e+09	3.14159	2.29957	0.492592	
53.35	1.52526e+09	3.14159	2.30597	0.504048	
53.4	1.52526e+09	3.14159	2.37857	0.521752	
53.4502	1.52526e+09	3.14159	2.21214	0.490139	
53.5	1.52526e+09	3.14159	2.25935	0.469643	
53.55	1.52526e+09	3.14159	2.31748	0.492515	
53.6	1.52526e+09	3.14159	2.24719	0.468558	
53.65	1.52526e+09	3.14159	2.38158	0.542813	
53.7	1.52526e+09	3.14159	2.23783	0.481961	
53.7506	1.52526e+09	3.14159	2.34708	0.468769	
53.8	1.52526e+09	3.14159	2.32213	0.460286	
53.8502	1.52526e+09	3.14159	2.27534	0.497824	
53.9	1.52526e+09	3.14159	2.35741	0.459268	
53.95	1.52526e+09	3.14159	2.21604	0.487198	
54.0005	1.52526e+09	3.14159	2.2871	0.521899	
54.0503	1.52526e+09	3.14159	2.26493	0.494173	
54.1	1.52526e+09	3.14159	2.29161	0.481204	
54.15	1.52526e+09	3.14159	2.36317	0.546401	
54.2002	1.52526e+09	3.14159	2.20654	0.509978	
54.2504	1.52526e+09	3.14159	2.51237	0.481035	
54.3	1.52526e+09	3.14159	2.29222	0.48708	
54.35	1.52526e+09	3.14159	2.27317	0.497645	
54.4	1.52526e+09	3.14159	2.35757	0.496386	
54.45	1.52526e+09	3.14159	2.22446	0.469215	
54.5002	1.52526e+09	3.14159	2.30618	0.504292	
54.5501	1.52526e+09	3.14159	2.38943	0.511331	
54.6	1.52526e+09	3.14159	2.27232	0.501532	
54.6501	1.52526e+09	3.14159	2.35607	0.486844	
54.7	1.52526e+09	3.14159	2.22791	0.513422	
54.75	1.52526e+09	3.14159	2.34678	0.502255	
54.8	1.52526e+09	3.14159	2.22362	0.570794	
54.8502	1.52526e+09	3.14159	2.29796	0.503376	
54.9004	1.52526e+09	3.14159	2.26794	0.529712	
54.95	1.52526e+09	3.14159	2.22525	0.50224	
55.0003	1.52526e+09	3.14159	2.25929	0.501345	
55.05	1.52526e+09	3.14159	2.27528	0.486174	
55.1006	1.52526e+09	3.14159	2.30808	0.50424	
55.1502	1.52526e+09	3.14159	2.34032	0.506167	
55.2	1.52526e+09	3.14159	2.23523	0.539307	
55.25	1.52526e+09	3.14159	2.3879	0.504452	
55.3	1.52526e+09	3.14159	2.36853	0.54136	
55.3506	1.52526e+09	3.14159	2.30243	0.479451	
55.4001	1.52526e+09	3.14159	2.34816	0.516778	
55.45	1.52526e+09	3.14159	2.23127	0.511854	
55.5	1.52526e+09	3.14159	2.22334	0.490524	
55.55	1.52526e+09	3.14159	2.3657	0.507902	
55.6	1.52526e+09	3.14159	2.28411	0.491308	
55.65	1.52526e+09	3.14159	2.38283	0.491998	
55.7003	1.52526e+09	3.14159	2.24597	0.45757	
55.75	1.52526e+09	3.14159	2.40719	0.505598	
55.8	1.52526e+09	3.14159	2.32427	0.547693	
55.85	1.52526e+09	3.14159	2.29289	0.509091	
55.9	1.52526e+09	3.14159	2.35106	0.502779	
55.95	1.52526e+09	3.14159	2.24054	0.508081	
56	1.52526e+09	3.14159	2.32157	0.499706	
56.05	1.52526e+09	3.14159	2.30932	0.487242	
56.1	1.52526e+09	3.14159	2.30184	0.523781	
56.15	1.52526e+09	3.14159	2.41234	0.47059	
56.2	1.52526e+09	3.14159	2.23698	0.502029	
56.25	1.52526e+09	3.14159	2.32813	0.485017	
56.3	1.52526e+09	3.14159	2.30675	0.535165	
56.35	1.52526e+09	3.14159	2.29012	0.506253	
56.4001	1.52526e+09	3.14159	2.37666	0.549447	
56.4501	1.52526e+09	3.14159	2.25561	0.493085	
56.5	1.52526e+09	3.14159	2.29773	0.523513	
56.55	1.52526e+09	3.14159	2.35523	0.559127	
56.6002	1.52526e+09	3.14159	2.26641	0.5065	
56.65	1.52526e+09	3.14159	2.42302	0.490049	
56.7	1.52526e+09	3.14159	2.25438	0.528404	
56.75	1.52526e+09	3.14159	2.34429	0.488134	
56.8	1.52526e+09	3.14159	2.29334	0.503016	
56.85	1.52526e+09	3.14159	2.3304	0.517943	
56.9	1.52526e+09	3.14159	2.3318	0.574431	
56.9502	1.52526e+09	3.14159	2.24748	0.503196	
57	1.52526e+09	3.14159	2.26413	0.502154	
57.0501	1.52526e+09	3.14159	2.30164	0.488689	
57.1	1.52526e+09	3.14159	2.26562	0.493591	
57.15	1.52526e+09	3.14159	2.34334	0.470058	
57.2	1.52526e+09	3.14159	2.2406	0.475375	
57.25	1.52526e+09	3.14159	2.3708	0.504016	
57.3	1.52526e+09	3.14159	2.34219	0.482464	
57.35	1.52526e+09	3.14159	2.30067	0.509606	
57.4003	1.52526e+09	3.14159	2.38033	0.510467	
57.4501	1.52526e+09	3.14159	2.26226	0.502594	
57.5	1.52526e+09	3.14159	2.28417	0.544932	
57.55	1.52526e+09	3.14159	2.35015	0.49268	
57.6001	1.52526e+09	3.14159	2.23816	0.555173	
57.65	1.52526e+09	3.14159	2.39856	0.505099	
57.7	1.52526e+09	3.14159	2.254	0.487085	
57.75	1.52526e+09	3.14159	2.52798	0.494	
57.8	1.52526e+09	3.14159	2.27006	0.497193	
57.85	1.52526e+09	3.14159	2.29841	0.500353	
57.9	1.52526e+09	3.14159	2.39346	0.499448	
57.9501	1.52526e+09	3.14159	2.23971	0.48664	
58	1.52526e+09	3.14159	2.31551	0.508241	
58.05	1.52526e+09	3.14159	2.28809	0.501356	
58.1	1.52526e+09	3.14159	2.2558	0.557019	
58.1508	1.52526e+09	3.14159	2.39043	0.504139	
58.2	1.52526e+09	3.14159	2.21815	0.57379	
58.2502	1.52526e+09	3.14159	2.42108	0.437534	
58.3001	1.52526e+09	3.14159	2.25822	0.559021	
58.35	1.52526e+09	3.14159	2.25783	0.486147	
58.4004	1.52526e+09	3.14159	2.34121	0.468035	
58.45	1.52526e+09	3.14159	2.26496	0.5105	
58.5	1.52526e+09	3.14159	2.22247	0.490232	
58.55	1.52526e+09	3.14159	2.38897	0.492912	
58.6	1.52526e+09	3.14159	2.26191	0.487261	
58.65	1.52526e+09	3.14159	2.32264	0.493183	
58.7007	1.52526e+09	3.14159	2.2402	0.489482	
58.75	1.52526e+09	3.14159	2.34251	0.486307	
58.8	1.52526e+09	3.14159	2.30315	0.485899	
58.8501	1.52526e+09	3.14159	2.25819	0.49763	
58.9005	1.52526e+09	3.14159	2.38401	0.472849	
58.95	1.52526e+09	3.14159	2.22755	0.48897	
59	1.52526e+09	3.14159	2.26766	0.569809	
59.05	1.52526e+09	3.14159	2.30726	0.506015	
59.1005	1.52526e+09	3.14159	2.27307	0.487303	
59.1503	1.52526e+09	3.14159	2.35955	0.487789	
59.2	1.52526e+09	3.14159	2.23024	0.504991	
59.2501	1.52526e+09	3.14159	2.4734	0.601133	
59.3004	1.52526e+09	3.14159	2.35256	0.615587	
59.35	1.52526e+09	3.14159	2.27972	0.51049	
59.4	1.52526e+09	3.14159	2.38748	0.55425	
59.4507	1.52526e+09	3.14159	2.25182	0.519094	
59.5004	1.52526e+09	3.14159	2.27186	0.502324	
59.55	1.52526e+09	3.14159	2.35619	0.536103	
59.6009	1.52526e+09	3.14159	2.23571	0.505295	
59.65	1.52526e+09	3.14159	2.36953	0.502606	
59.7	1.52526e+09	3.14159	2.23387	0.50609	
59.7501	1.52526e+09	3.14159	2.42764	0.487338	
59.8004	1.52526e+09	3.14159	2.28348	0.536839	
59.8503	1.52526e+09	3.14159	2.27574	0.507844	
59.9	1.52526e+09	3.14159	2.39183	0.474971	
59.95	1.52526e+09	3.14159	2.29743	0.482576	
