idx timestamp pi t2 t1+t3
0	1.52673e+09	3.14159	13.9529	0.128734	
0.018671	1.52673e+09	3.14159	1.52457	0.115355	
0.0413654	1.52673e+09	3.14159	9.07895	0.120915	
0.0637536	1.52673e+09	3.14159	8.89814	0.194271	
0.0881181	1.52673e+09	3.14159	2.15563	0.154447	
0.117634	1.52673e+09	3.14159	4.4931	0.18846	
0.141975	1.52673e+09	3.14159	1.48935	0.157067	
0.160945	1.52673e+09	3.14159	3.14615	0.13562	
0.177529	1.52673e+09	3.14159	2.56173	0.240247	
0.19351	1.52673e+09	3.14159	2.17835	0.206605	
0.221151	1.52673e+09	3.14159	3.2777	0.188731	
0.239229	1.52673e+09	3.14159	2.86457	0.162646	
0.260406	1.52673e+09	3.14159	1.49388	0.198359	
0.294465	1.52673e+09	3.14159	1.48923	0.161432	
0.317011	1.52673e+09	3.14159	1.49988	0.182406	
0.337343	1.52673e+09	3.14159	1.65541	0.191041	
0.363113	1.52673e+09	3.14159	2.0741	0.152902	
0.378931	1.52673e+09	3.14159	1.86347	0.190399	
0.4059	1.52673e+09	3.14159	1.55394	0.157749	
0.428596	1.52673e+09	3.14159	4.55794	0.135914	
0.454902	1.52673e+09	3.14159	1.49515	0.221358	
0.478686	1.52673e+09	3.14159	2.82183	0.130471	
0.503918	1.52673e+09	3.14159	1.48024	0.140019	
0.518288	1.52673e+09	3.14159	14.2029	0.128721	
0.539941	1.52673e+09	3.14159	3.28741	0.133638	
0.566356	1.52673e+09	3.14159	2.7111	0.176005	
0.588313	1.52673e+09	3.14159	4.20489	0.17467	
0.602558	1.52673e+09	3.14159	1.67734	0.179682	
0.618198	1.52673e+09	3.14159	3.52284	0.16671	
0.640042	1.52673e+09	3.14159	2.29562	0.154989	
0.672093	1.52673e+09	3.14159	1.59457	0.179524	
0.698058	1.52673e+09	3.14159	3.79584	0.223045	
0.723157	1.52673e+09	3.14159	2.34829	0.153614	
0.743592	1.52673e+09	3.14159	1.60369	0.240412	
0.765013	1.52673e+09	3.14159	3.363	0.158457	
0.785827	1.52673e+09	3.14159	1.51362	0.148332	
0.811881	1.52673e+09	3.14159	3.98877	0.16551	
0.833544	1.52673e+09	3.14159	1.48905	0.206706	
0.853445	1.52673e+09	3.14159	4.61878	0.17777	
0.875421	1.52673e+09	3.14159	1.48523	0.199218	
0.89123	1.52673e+09	3.14159	1.49108	0.184539	
0.911789	1.52673e+09	3.14159	2.29138	0.158015	
0.93102	1.52673e+09	3.14159	2.15214	0.199307	
0.948034	1.52673e+09	3.14159	1.49437	0.162618	
0.967402	1.52673e+09	3.14159	2.68925	0.192282	
0.983395	1.52673e+09	3.14159	2.90449	0.149868	
1.00988	1.52673e+09	3.14159	1.50393	0.178122	
1.03112	1.52673e+09	3.14159	2.64349	0.17982	
1.04931	1.52674e+09	3.14159	1.49068	0.209971	
1.06507	1.52674e+09	3.14159	6.34203	0.253486	
1.09259	1.52674e+09	3.14159	1.49587	0.147837	
1.10962	1.52674e+09	3.14159	2.15337	0.179163	
1.13117	1.52674e+09	3.14159	2.54449	0.175169	
1.16241	1.52674e+09	3.14159	2.24456	0.159265	
1.1872	1.52674e+09	3.14159	1.48026	0.171485	
1.20141	1.52674e+09	3.14159	1.4858	0.161453	
1.21892	1.52674e+09	3.14159	5.74147	0.245377	
1.23693	1.52674e+09	3.14159	4.27915	0.156262	
1.25349	1.52674e+09	3.14159	1.49873	0.1974	
1.27702	1.52674e+09	3.14159	1.48933	0.157264	
1.29363	1.52674e+09	3.14159	1.51913	0.167473	
1.32562	1.52674e+09	3.14159	4.5695	0.156117	
1.34395	1.52674e+09	3.14159	6.88061	0.191287	
1.36884	1.52674e+09	3.14159	1.49328	0.199039	
1.39309	1.52674e+09	3.14159	2.58391	0.183042	
1.41143	1.52674e+09	3.14159	5.40098	0.141326	
1.43494	1.52674e+09	3.14159	1.55995	0.162423	
1.45845	1.52674e+09	3.14159	1.49002	0.152016	
1.48049	1.52674e+09	3.14159	1.4959	0.232395	
1.49686	1.52674e+09	3.14159	1.50289	0.164093	
1.52299	1.52674e+09	3.14159	3.26926	0.152243	
1.54892	1.52674e+09	3.14159	2.22741	0.158182	
1.57222	1.52674e+09	3.14159	1.86104	0.169715	
1.59384	1.52674e+09	3.14159	1.49603	0.175806	
1.62012	1.52674e+09	3.14159	1.99415	0.157374	
1.63974	1.52674e+09	3.14159	3.05888	0.172092	
1.66141	1.52674e+09	3.14159	1.99304	0.187596	
1.68085	1.52674e+09	3.14159	1.80034	0.120811	
1.69788	1.52674e+09	3.14159	3.12914	0.181747	
1.72162	1.52674e+09	3.14159	1.79619	0.176263	
1.75028	1.52674e+09	3.14159	1.73213	0.145126	
1.76962	1.52674e+09	3.14159	3.50393	0.237568	
1.79802	1.52674e+09	3.14159	4.64004	0.187163	
1.82152	1.52674e+09	3.14159	2.56891	0.168025	
1.84602	1.52674e+09	3.14159	1.48071	0.152534	
1.86787	1.52674e+09	3.14159	2.88876	0.158746	
1.89678	1.52674e+09	3.14159	2.49374	0.163345	
1.92397	1.52674e+09	3.14159	3.19352	0.20841	
1.94586	1.52674e+09	3.14159	3.94958	0.182664	
1.97447	1.52674e+09	3.14159	4.94	0.206446	
1.99688	1.52674e+09	3.14159	4.52719	0.145167	
2.01709	1.52674e+09	3.14159	2.49273	0.163932	
2.03612	1.52674e+09	3.14159	1.88061	0.15665	
2.06043	1.52674e+09	3.14159	2.69531	0.137272	
2.07629	1.52674e+09	3.14159	2.78521	0.211236	
2.1018	1.52674e+09	3.14159	1.99836	0.21389	
2.12279	1.52674e+09	3.14159	4.3793	0.150442	
2.14417	1.52674e+09	3.14159	4.40346	0.183602	
2.16412	1.52674e+09	3.14159	1.89347	0.166895	
2.19236	1.52674e+09	3.14159	2.56185	0.14639	
2.21751	1.52674e+09	3.14159	9.13411	0.193398	
2.23934	1.52674e+09	3.14159	1.88963	0.216918	
2.25885	1.52674e+09	3.14159	1.89365	0.155324	
2.27527	1.52674e+09	3.14159	1.9973	0.150185	
2.2934	1.52674e+09	3.14159	1.71099	0.186243	
2.31213	1.52674e+09	3.14159	1.98951	0.233107	
2.33892	1.52674e+09	3.14159	1.64197	0.179631	
2.36198	1.52674e+09	3.14159	2.71671	0.164771	
2.38263	1.52674e+09	3.14159	4.85124	0.230751	
2.40694	1.52674e+09	3.14159	1.62016	0.185374	
2.42613	1.52674e+09	3.14159	2.1295	0.157752	
2.44215	1.52674e+09	3.14159	5.16943	0.17623	
2.46869	1.52674e+09	3.14159	2.01923	0.172848	
2.49287	1.52674e+09	3.14159	5.84452	0.200242	
2.51057	1.52674e+09	3.14159	4.77314	0.140656	
2.53323	1.52674e+09	3.14159	8.64787	0.144492	
2.55498	1.52674e+09	3.14159	3.09485	0.181864	
2.57776	1.52674e+09	3.14159	1.81409	0.198224	
2.60246	1.52674e+09	3.14159	8.61911	0.272212	
2.62559	1.52674e+09	3.14159	3.22513	0.177472	
2.64976	1.52674e+09	3.14159	1.49803	0.278661	
2.6689	1.52674e+09	3.14159	1.49804	0.145122	
2.69021	1.52674e+09	3.14159	2.78399	0.199149	
2.71699	1.52674e+09	3.14159	3.46736	0.161278	
2.73765	1.52674e+09	3.14159	1.49264	0.158116	
2.76083	1.52674e+09	3.14159	2.0539	0.144912	
2.78196	1.52674e+09	3.14159	2.22941	0.160205	
2.79953	1.52674e+09	3.14159	3.34954	0.192764	
2.8212	1.52674e+09	3.14159	1.5122	0.149978	
2.84477	1.52674e+09	3.14159	1.49274	0.215384	
2.86536	1.52674e+09	3.14159	1.50234	0.164338	
2.88755	1.52674e+09	3.14159	4.65594	0.221875	
2.90994	1.52674e+09	3.14159	1.49702	0.209748	
2.93068	1.52674e+09	3.14159	1.54401	0.237571	
2.95511	1.52674e+09	3.14159	8.58287	0.159279	
2.97617	1.52674e+09	3.14159	1.49007	0.16239	
2.99682	1.52674e+09	3.14159	1.49887	0.182599	
3.01386	1.52674e+09	3.14159	1.49347	0.193347	
3.03145	1.52674e+09	3.14159	6.48481	0.180291	
3.05386	1.52674e+09	3.14159	1.49351	0.168485	
3.0769	1.52674e+09	3.14159	1.53865	0.188498	
3.09765	1.52674e+09	3.14159	2.28216	0.1599	
3.12145	1.52674e+09	3.14159	1.49792	0.180147	
3.14053	1.52674e+09	3.14159	2.28368	0.160447	
3.15968	1.52674e+09	3.14159	1.49642	0.15508	
3.18661	1.52674e+09	3.14159	2.66392	0.182924	
3.2061	1.52674e+09	3.14159	1.97744	0.210011	
3.22945	1.52674e+09	3.14159	1.53362	0.207774	
3.2472	1.52674e+09	3.14159	2.62499	0.237288	
3.27147	1.52674e+09	3.14159	1.49734	0.160071	
3.28391	1.52674e+09	3.14159	2.09579	0.221432	
3.30967	1.52674e+09	3.14159	1.48509	0.18967	
3.32941	1.52674e+09	3.14159	1.49407	0.130551	
3.35301	1.52674e+09	3.14159	3.45879	0.168651	
3.37072	1.52674e+09	3.14159	1.89064	0.166369	
3.39088	1.52674e+09	3.14159	1.80708	0.144592	
3.41698	1.52674e+09	3.14159	1.99845	0.20307	
3.44022	1.52674e+09	3.14159	3.31673	0.172177	
3.45987	1.52674e+09	3.14159	1.49653	0.16991	
3.489	1.52674e+09	3.14159	1.64512	0.176808	
3.50925	1.52674e+09	3.14159	2.30192	0.169431	
3.53544	1.52674e+09	3.14159	1.84933	0.166524	
3.56299	1.52674e+09	3.14159	3.76706	0.194495	
3.58153	1.52674e+09	3.14159	1.48772	0.159322	
3.60311	1.52674e+09	3.14159	3.42508	0.19641	
3.62189	1.52674e+09	3.14159	3.75222	0.188571	
3.63839	1.52674e+09	3.14159	14.6869	0.17463	
3.6576	1.52674e+09	3.14159	6.095	0.161793	
3.67303	1.52674e+09	3.14159	1.98357	0.144373	
3.6883	1.52674e+09	3.14159	5.00658	0.180177	
3.71491	1.52674e+09	3.14159	1.9206	0.151444	
3.73739	1.52674e+09	3.14159	1.87489	0.182931	
3.75808	1.52674e+09	3.14159	3.68866	0.151422	
3.78086	1.52674e+09	3.14159	2.78791	0.201448	
3.80465	1.52674e+09	3.14159	2.36117	0.120143	
3.83187	1.52675e+09	3.14159	2.38891	0.188033	
3.85716	1.52675e+09	3.14159	2.63271	0.185933	
3.87658	1.52675e+09	3.14159	1.49352	0.138524	
3.90394	1.52675e+09	3.14159	2.81555	0.206994	
3.92653	1.52675e+09	3.14159	1.99754	0.173944	
3.95766	1.52675e+09	3.14159	1.89121	0.137274	
3.97656	1.52675e+09	3.14159	3.16245	0.203074	
3.9994	1.52675e+09	3.14159	11.2029	0.139359	
4.01866	1.52675e+09	3.14159	3.81967	0.185951	
4.03859	1.52675e+09	3.14159	1.82398	0.166131	
4.06334	1.52675e+09	3.14159	2.39639	0.155344	
4.08727	1.52675e+09	3.14159	2.51672	0.194123	
4.10799	1.52675e+09	3.14159	1.48685	0.235518	
4.12408	1.52675e+09	3.14159	9.21147	0.175647	
4.15123	1.52675e+09	3.14159	2.74934	0.235237	
4.17159	1.52675e+09	3.14159	1.94453	0.1678	
4.19217	1.52675e+09	3.14159	2.98725	0.223403	
4.21426	1.52675e+09	3.14159	2.19972	0.148035	
4.23446	1.52675e+09	3.14159	3.57291	0.153314	
4.26052	1.52675e+09	3.14159	1.48026	0.18693	
4.28474	1.52675e+09	3.14159	3.42217	0.144565	
4.30808	1.52675e+09	3.14159	2.68526	0.196918	
4.33061	1.52675e+09	3.14159	2.90784	0.268853	
4.35064	1.52675e+09	3.14159	4.00193	0.195233	
4.37596	1.52675e+09	3.14159	10.6169	0.138858	
4.39672	1.52675e+09	3.14159	1.5308	0.170683	
4.41335	1.52675e+09	3.14159	5.53692	0.169943	
4.43131	1.52675e+09	3.14159	5.62001	0.181615	
4.4497	1.52675e+09	3.14159	1.48795	0.198591	
4.46425	1.52675e+09	3.14159	6.4278	0.229182	
4.49045	1.52675e+09	3.14159	2.89492	0.222481	
4.51973	1.52675e+09	3.14159	1.49516	0.197202	
4.54682	1.52675e+09	3.14159	2.10347	0.176847	
4.5636	1.52675e+09	3.14159	1.67144	0.190611	
4.58252	1.52675e+09	3.14159	1.66548	0.204567	
4.60447	1.52675e+09	3.14159	1.49615	0.255014	
4.624	1.52675e+09	3.14159	1.8827	0.153867	
4.64849	1.52675e+09	3.14159	2.85511	0.213305	
4.67536	1.52675e+09	3.14159	2.91279	0.228649	
4.69562	1.52675e+09	3.14159	2.26845	0.174717	
4.72769	1.52675e+09	3.14159	2.22503	0.162237	
4.7501	1.52675e+09	3.14159	2.36488	0.156586	
4.77414	1.52675e+09	3.14159	7.50858	0.189973	
4.79936	1.52675e+09	3.14159	3.88781	0.164593	
4.8182	1.52675e+09	3.14159	1.49227	0.219291	
4.84239	1.52675e+09	3.14159	8.16509	0.154812	
4.86867	1.52675e+09	3.14159	3.22339	0.185696	
4.89197	1.52675e+09	3.14159	2.47371	0.22346	
4.91303	1.52675e+09	3.14159	1.64725	0.170295	
4.94224	1.52675e+09	3.14159	2.05224	0.183814	
4.96125	1.52675e+09	3.14159	3.26926	0.172043	
4.9802	1.52675e+09	3.14159	5.37845	0.221868	
5.0016	1.52675e+09	3.14159	1.8385	0.183529	
5.02103	1.52675e+09	3.14159	1.48835	0.139247	
5.0372	1.52675e+09	3.14159	1.65366	0.194968	
5.05725	1.52675e+09	3.14159	1.49216	0.171003	
5.07808	1.52675e+09	3.14159	8.41911	0.164733	
5.10007	1.52675e+09	3.14159	1.49136	0.138805	
5.12166	1.52675e+09	3.14159	2.80092	0.188759	
5.14534	1.52675e+09	3.14159	2.44276	0.239166	
5.17078	1.52675e+09	3.14159	1.64489	0.191802	
5.18997	1.52675e+09	3.14159	1.49463	0.241833	
5.21592	1.52675e+09	3.14159	1.49737	0.239594	
5.23935	1.52675e+09	3.14159	1.49064	0.151455	
5.25982	1.52675e+09	3.14159	2.20458	0.155856	
5.28279	1.52675e+09	3.14159	2.38853	0.215258	
5.31044	1.52675e+09	3.14159	1.49472	0.152431	
5.32884	1.52675e+09	3.14159	2.6302	0.173028	
5.34916	1.52675e+09	3.14159	2.52676	0.169985	
5.36665	1.52675e+09	3.14159	4.53479	0.188764	
5.39037	1.52675e+09	3.14159	1.52951	0.144849	
5.41178	1.52675e+09	3.14159	1.49324	0.197868	
5.43605	1.52675e+09	3.14159	1.49815	0.198595	
5.45611	1.52675e+09	3.14159	7.09131	0.236029	
5.4784	1.52675e+09	3.14159	4.82992	0.168494	
5.49614	1.52675e+09	3.14159	1.91329	0.218189	
5.51698	1.52675e+09	3.14159	7.21345	0.248722	
5.54008	1.52675e+09	3.14159	2.76686	0.193182	
5.57151	1.52675e+09	3.14159	1.49794	0.217526	
5.59199	1.52675e+09	3.14159	3.6141	0.153273	
5.61494	1.52675e+09	3.14159	3.26914	0.16269	
5.63078	1.52675e+09	3.14159	2.49632	0.15575	
5.66048	1.52675e+09	3.14159	2.19953	0.157623	
5.68514	1.52675e+09	3.14159	2.7829	0.174972	
5.70185	1.52675e+09	3.14159	2.65743	0.265728	
5.72259	1.52675e+09	3.14159	1.50869	0.243721	
5.74894	1.52675e+09	3.14159	1.51105	0.2609	
5.77481	1.52675e+09	3.14159	8.21833	0.14889	
5.79357	1.52675e+09	3.14159	4.16184	0.194281	
5.8164	1.52675e+09	3.14159	1.49238	0.150007	
5.8364	1.52675e+09	3.14159	1.58548	0.149763	
5.86398	1.52675e+09	3.14159	3.31677	0.152308	
5.88415	1.52675e+09	3.14159	5.09367	0.16868	
5.89997	1.52675e+09	3.14159	2.95343	0.229635	
5.92179	1.52675e+09	3.14159	1.79287	0.173149	
5.93862	1.52675e+09	3.14159	4.23291	0.171069	
5.96215	1.52675e+09	3.14159	1.63859	0.14339	
5.98425	1.52675e+09	3.14159	1.49337	0.193464	
6.00808	1.52675e+09	3.14159	1.5186	0.235768	
6.02826	1.52675e+09	3.14159	2.407	0.229721	
6.05488	1.52675e+09	3.14159	1.64571	0.211282	
6.07365	1.52675e+09	3.14159	3.48609	0.211461	
6.09829	1.52675e+09	3.14159	2.65512	0.201709	
6.12469	1.52675e+09	3.14159	1.53276	0.203648	
6.15089	1.52675e+09	3.14159	7.15463	0.166847	
6.16591	1.52675e+09	3.14159	1.57726	0.175062	
6.18921	1.52675e+09	3.14159	3.59474	0.156838	
6.21295	1.52675e+09	3.14159	2.11959	0.172043	
6.23421	1.52675e+09	3.14159	4.78276	0.192958	
6.25101	1.52675e+09	3.14159	1.68076	0.210768	
6.27891	1.52675e+09	3.14159	5.31409	0.202456	
6.30288	1.52675e+09	3.14159	1.80303	0.169283	
6.3237	1.52675e+09	3.14159	1.58778	0.140878	
6.34556	1.52675e+09	3.14159	8.15085	0.15788	
6.36768	1.52675e+09	3.14159	4.27509	0.205058	
6.38731	1.52675e+09	3.14159	1.58766	0.183336	
6.40697	1.52675e+09	3.14159	2.6329	0.14925	
6.43217	1.52675e+09	3.14159	2.46833	0.160291	
6.45744	1.52675e+09	3.14159	1.51074	0.178177	
6.47683	1.52675e+09	3.14159	1.47743	0.142112	
6.49294	1.52675e+09	3.14159	3.4617	0.185465	
6.5162	1.52675e+09	3.14159	11.5054	0.269897	
6.53772	1.52675e+09	3.14159	3.57874	0.155642	
6.55739	1.52675e+09	3.14159	1.48738	0.174661	
6.58451	1.52675e+09	3.14159	5.91002	0.121332	
6.60889	1.52676e+09	3.14159	1.48627	0.165271	
6.6256	1.52676e+09	3.14159	4.39255	0.16922	
6.64464	1.52676e+09	3.14159	3.05371	0.263519	
6.66199	1.52676e+09	3.14159	3.83421	0.212996	
6.68695	1.52676e+09	3.14159	3.14403	0.178058	
6.71135	1.52676e+09	3.14159	2.97049	0.160494	
6.72949	1.52676e+09	3.14159	3.57725	0.130254	
6.7547	1.52676e+09	3.14159	2.69244	0.128225	
6.7913	1.52676e+09	3.14159	1.49071	0.186647	
6.80766	1.52676e+09	3.14159	6.31034	0.207285	
6.83658	1.52676e+09	3.14159	5.91082	0.29563	
6.85868	1.52676e+09	3.14159	1.4843	0.220184	
6.88386	1.52676e+09	3.14159	5.61073	0.195992	
6.90949	1.52676e+09	3.14159	1.55072	0.201334	
6.93345	1.52676e+09	3.14159	1.48306	0.169349	
6.95107	1.52676e+09	3.14159	1.48302	0.139205	
6.97283	1.52676e+09	3.14159	1.47938	0.167216	
6.99436	1.52676e+09	3.14159	2.81179	0.318903	
7.02844	1.52676e+09	3.14159	2.22175	0.149854	
7.05101	1.52676e+09	3.14159	3.00887	0.23608	
7.06931	1.52676e+09	3.14159	1.80043	0.187021	
7.09031	1.52676e+09	3.14159	4.38339	0.218259	
7.10751	1.52676e+09	3.14159	7.22823	0.344764	
7.1327	1.52676e+09	3.14159	2.03608	0.149069	
7.14888	1.52676e+09	3.14159	1.62398	0.162536	
7.17301	1.52676e+09	3.14159	3.18771	0.155765	
7.19774	1.52676e+09	3.14159	3.74617	0.236305	
7.22336	1.52676e+09	3.14159	8.48938	0.243054	
7.24772	1.52676e+09	3.14159	1.48024	0.191871	
7.26564	1.52676e+09	3.14159	6.01578	0.281002	
7.2921	1.52676e+09	3.14159	3.05775	0.19409	
7.3168	1.52676e+09	3.14159	1.50657	0.160366	
7.34382	1.52676e+09	3.14159	2.20395	0.139596	
7.36451	1.52676e+09	3.14159	2.96218	0.180079	
7.38538	1.52676e+09	3.14159	2.83998	0.202374	
7.41037	1.52676e+09	3.14159	4.96753	0.204606	
7.4327	1.52676e+09	3.14159	9.13507	0.193594	
7.45909	1.52676e+09	3.14159	4.82581	0.183556	
7.4855	1.52676e+09	3.14159	1.4992	0.183232	
7.50745	1.52676e+09	3.14159	3.16784	0.216251	
7.52762	1.52676e+09	3.14159	1.48697	0.210276	
7.54952	1.52676e+09	3.14159	2.65144	0.175401	
7.58132	1.52676e+09	3.14159	4.92293	0.183784	
7.60593	1.52676e+09	3.14159	1.48532	0.217	
7.62363	1.52676e+09	3.14159	1.50609	0.164293	
7.63927	1.52676e+09	3.14159	2.55046	0.151827	
7.65849	1.52676e+09	3.14159	1.51362	0.145883	
7.68624	1.52676e+09	3.14159	1.91551	0.194036	
7.71163	1.52676e+09	3.14159	2.36928	0.320101	
7.74307	1.52676e+09	3.14159	1.50691	0.200393	
7.76553	1.52676e+09	3.14159	8.0673	0.164998	
7.78794	1.52676e+09	3.14159	3.9608	0.293254	
7.80923	1.52676e+09	3.14159	1.49176	0.185492	
7.82912	1.52676e+09	3.14159	1.49422	0.213026	
7.84758	1.52676e+09	3.14159	1.70475	0.182448	
7.87079	1.52676e+09	3.14159	5.09222	0.193871	
7.89193	1.52676e+09	3.14159	2.51356	0.303088	
7.91169	1.52676e+09	3.14159	3.08756	0.243411	
7.93152	1.52676e+09	3.14159	5.6601	0.2251	
7.95864	1.52676e+09	3.14159	3.44212	0.184673	
7.98439	1.52676e+09	3.14159	1.51373	0.153157	
8.00882	1.52676e+09	3.14159	1.5002	0.156667	
8.03096	1.52676e+09	3.14159	2.29438	0.242488	
8.05194	1.52676e+09	3.14159	2.21064	0.151727	
8.07014	1.52676e+09	3.14159	5.4738	0.15346	
8.09458	1.52676e+09	3.14159	1.47884	0.177623	
8.11453	1.52676e+09	3.14159	1.48816	0.180958	
8.13257	1.52676e+09	3.14159	1.58531	0.281303	
8.1563	1.52676e+09	3.14159	2.75856	0.208108	
8.17453	1.52676e+09	3.14159	1.72049	0.197407	
8.20233	1.52676e+09	3.14159	1.50575	0.185823	
8.23309	1.52676e+09	3.14159	1.50305	0.158954	
8.24881	1.52676e+09	3.14159	2.74562	0.181267	
8.27283	1.52676e+09	3.14159	2.5084	0.17824	
8.29308	1.52676e+09	3.14159	1.50415	0.255296	
8.30938	1.52676e+09	3.14159	2.12989	0.190457	
8.33306	1.52676e+09	3.14159	2.89575	0.275731	
8.35604	1.52676e+09	3.14159	1.93652	0.171125	
8.38014	1.52676e+09	3.14159	6.15067	0.199423	
8.40084	1.52676e+09	3.14159	4.65763	0.189635	
8.41991	1.52676e+09	3.14159	1.50147	0.220886	
8.44355	1.52676e+09	3.14159	3.14725	0.144703	
8.46252	1.52676e+09	3.14159	3.08939	0.177314	
8.48728	1.52676e+09	3.14159	3.32566	0.183941	
8.51129	1.52676e+09	3.14159	1.53768	0.214073	
8.5368	1.52676e+09	3.14159	2.48202	0.193647	
8.55516	1.52676e+09	3.14159	2.19475	0.207657	
8.57671	1.52676e+09	3.14159	6.24227	0.13891	
8.6011	1.52676e+09	3.14159	5.86186	0.200205	
8.61533	1.52676e+09	3.14159	1.51269	0.154108	
8.63295	1.52676e+09	3.14159	1.49371	0.18349	
8.65149	1.52676e+09	3.14159	2.05993	0.181632	
8.66461	1.52676e+09	3.14159	2.06427	0.164543	
8.69424	1.52676e+09	3.14159	3.08074	0.226043	
8.72091	1.52676e+09	3.14159	4.63891	0.171559	
8.74533	1.52676e+09	3.14159	38.5266	0.174965	
8.76509	1.52676e+09	3.14159	2.91294	0.169926	
8.78318	1.52676e+09	3.14159	3.79774	0.174189	
8.80455	1.52676e+09	3.14159	2.107	0.174574	
8.83328	1.52676e+09	3.14159	2.0404	0.157288	
8.8593	1.52676e+09	3.14159	6.6735	0.251975	
8.87964	1.52676e+09	3.14159	4.65921	0.194546	
8.89785	1.52676e+09	3.14159	2.19813	0.190658	
8.92292	1.52676e+09	3.14159	7.75608	0.203279	
8.94459	1.52676e+09	3.14159	1.8924	0.169994	
8.96642	1.52676e+09	3.14159	6.10606	0.206761	
8.98647	1.52676e+09	3.14159	3.21895	0.174081	
9.01111	1.52676e+09	3.14159	2.38395	0.214848	
9.03412	1.52676e+09	3.14159	1.87734	0.174701	
9.05664	1.52676e+09	3.14159	7.43471	0.199986	
9.07535	1.52676e+09	3.14159	3.30228	0.130035	
9.09484	1.52676e+09	3.14159	2.86768	0.154645	
9.11426	1.52676e+09	3.14159	5.30655	0.16544	
9.13672	1.52676e+09	3.14159	1.82517	0.222293	
9.15991	1.52676e+09	3.14159	1.99092	0.160954	
9.18038	1.52676e+09	3.14159	2.19751	0.159163	
9.19677	1.52676e+09	3.14159	2.48102	0.175597	
9.22466	1.52676e+09	3.14159	2.48164	0.167541	
9.24794	1.52676e+09	3.14159	3.32917	0.21637	
9.27063	1.52676e+09	3.14159	4.59944	0.180162	
9.29484	1.52676e+09	3.14159	3.22886	0.175338	
9.31746	1.52676e+09	3.14159	3.07923	0.237532	
9.34155	1.52676e+09	3.14159	4.19455	0.191905	
9.36117	1.52676e+09	3.14159	2.05399	0.193163	
9.38483	1.52677e+09	3.14159	1.49654	0.190633	
9.4073	1.52677e+09	3.14159	2.22235	0.160823	
9.43009	1.52677e+09	3.14159	3.2626	0.145531	
9.45292	1.52677e+09	3.14159	1.49673	0.163675	
9.47465	1.52677e+09	3.14159	4.12762	0.165949	
9.4966	1.52677e+09	3.14159	1.50718	0.197106	
9.52245	1.52677e+09	3.14159	1.72795	0.158862	
9.55109	1.52677e+09	3.14159	1.60839	0.160764	
9.56886	1.52677e+09	3.14159	1.49725	0.189507	
9.58845	1.52677e+09	3.14159	3.10852	0.183427	
9.60238	1.52677e+09	3.14159	2.33787	0.2343	
9.62466	1.52677e+09	3.14159	5.43443	0.194025	
9.64934	1.52677e+09	3.14159	2.47128	0.227938	
9.66881	1.52677e+09	3.14159	1.48947	0.150813	
9.69391	1.52677e+09	3.14159	1.48003	0.211521	
9.71332	1.52677e+09	3.14159	2.66213	0.144127	
9.7332	1.52677e+09	3.14159	1.49289	0.179069	
9.76132	1.52677e+09	3.14159	3.60471	0.236723	
9.78165	1.52677e+09	3.14159	4.11561	0.214961	
9.80693	1.52677e+09	3.14159	2.57238	0.179914	
9.82668	1.52677e+09	3.14159	1.90515	0.201686	
9.84956	1.52677e+09	3.14159	1.99231	0.151252	
9.87157	1.52677e+09	3.14159	5.04725	0.189167	
9.89159	1.52677e+09	3.14159	1.50281	0.183776	
9.91895	1.52677e+09	3.14159	2.0084	0.153874	
9.93533	1.52677e+09	3.14159	2.45043	0.15945	
9.9535	1.52677e+09	3.14159	5.85793	0.139834	
9.96907	1.52677e+09	3.14159	4.42796	0.151961	
9.98795	1.52677e+09	3.14159	3.69482	0.177499	
10.0069	1.52677e+09	3.14159	3.62224	0.184661	
10.0378	1.52677e+09	3.14159	5.14083	0.156583	
10.0567	1.52677e+09	3.14159	3.24435	0.127962	
10.083	1.52677e+09	3.14159	1.5	0.197324	
10.0992	1.52677e+09	3.14159	4.0829	0.173569	
10.1248	1.52677e+09	3.14159	4.67731	0.189804	
10.1407	1.52677e+09	3.14159	1.48461	0.152197	
10.1714	1.52677e+09	3.14159	11.4433	0.183301	
10.1927	1.52677e+09	3.14159	5.6427	0.18428	
10.2166	1.52677e+09	3.14159	2.1143	0.16778	
10.237	1.52677e+09	3.14159	2.1738	0.2047	
10.2621	1.52677e+09	3.14159	2.92531	0.157256	
10.2898	1.52677e+09	3.14159	4.02363	0.153526	
10.3122	1.52677e+09	3.14159	2.52281	0.163445	
10.331	1.52677e+09	3.14159	1.4804	0.163256	
10.3549	1.52677e+09	3.14159	3.25496	0.181926	
10.3737	1.52677e+09	3.14159	1.4793	0.157315	
10.3948	1.52677e+09	3.14159	1.48398	0.15829	
10.4139	1.52677e+09	3.14159	1.47859	0.23792	
10.4323	1.52677e+09	3.14159	1.75206	0.164796	
10.4516	1.52677e+09	3.14159	2.57572	0.176118	
10.4678	1.52677e+09	3.14159	7.60266	0.232507	
10.4854	1.52677e+09	3.14159	4.64355	0.225111	
10.5063	1.52677e+09	3.14159	1.67081	0.171532	
10.5324	1.52677e+09	3.14159	1.48407	0.182873	
10.5502	1.52677e+09	3.14159	2.66019	0.17514	
10.5722	1.52677e+09	3.14159	1.47988	0.235662	
10.595	1.52677e+09	3.14159	1.48739	0.249197	
10.6174	1.52677e+09	3.14159	4.01075	0.236635	
10.6447	1.52677e+09	3.14159	1.71121	0.173048	
10.667	1.52677e+09	3.14159	1.4886	0.155453	
10.6833	1.52677e+09	3.14159	4.3317	0.163417	
10.7131	1.52677e+09	3.14159	1.4825	0.149958	
10.7307	1.52677e+09	3.14159	1.51837	0.172545	
10.7468	1.52677e+09	3.14159	1.48478	0.205737	
10.776	1.52677e+09	3.14159	1.47797	0.148816	
10.793	1.52677e+09	3.14159	1.48856	0.168607	
10.8124	1.52677e+09	3.14159	12.0896	0.203558	
10.8398	1.52677e+09	3.14159	3.92883	0.247617	
10.8624	1.52677e+09	3.14159	4.44599	0.175472	
10.8816	1.52677e+09	3.14159	5.13903	0.172536	
10.901	1.52677e+09	3.14159	1.4755	0.151178	
10.922	1.52677e+09	3.14159	3.20062	0.204277	
10.9471	1.52677e+09	3.14159	2.43955	0.154546	
10.9683	1.52677e+09	3.14159	3.93986	0.212327	
10.9875	1.52677e+09	3.14159	4.52822	0.190048	
11.0132	1.52677e+09	3.14159	2.51146	0.246013	
11.029	1.52677e+09	3.14159	4.7095	0.212567	
11.0549	1.52677e+09	3.14159	3.23282	0.179526	
11.0793	1.52677e+09	3.14159	1.96765	0.178962	
11.1025	1.52677e+09	3.14159	1.62701	0.159839	
11.125	1.52677e+09	3.14159	2.51375	0.168352	
11.1464	1.52677e+09	3.14159	1.47239	0.144721	
11.1697	1.52677e+09	3.14159	2.06973	0.127085	
11.1856	1.52677e+09	3.14159	1.48789	0.148928	
11.2085	1.52677e+09	3.14159	2.35279	0.154859	
11.2289	1.52677e+09	3.14159	1.48944	0.136693	
11.2512	1.52677e+09	3.14159	1.48269	0.160764	
11.2698	1.52677e+09	3.14159	1.49264	0.189756	
11.2865	1.52677e+09	3.14159	1.4861	0.185013	
11.3096	1.52677e+09	3.14159	3.59116	0.145558	
11.3342	1.52677e+09	3.14159	2.43726	0.149755	
11.3573	1.52677e+09	3.14159	6.80649	0.206054	
11.375	1.52677e+09	3.14159	1.55875	0.212495	
11.3971	1.52677e+09	3.14159	6.17168	0.237956	
11.4125	1.52677e+09	3.14159	1.48207	0.216739	
11.4299	1.52677e+09	3.14159	10.4548	0.158969	
11.4536	1.52677e+09	3.14159	2.23064	0.166095	
11.4768	1.52677e+09	3.14159	2.3058	0.186174	
11.4971	1.52677e+09	3.14159	4.44127	0.326046	
11.5256	1.52677e+09	3.14159	1.48801	0.178834	
11.5474	1.52677e+09	3.14159	1.48225	0.148894	
11.5645	1.52677e+09	3.14159	1.4903	0.211788	
11.5894	1.52677e+09	3.14159	5.11087	0.191249	
11.6116	1.52677e+09	3.14159	1.77396	0.155117	
11.632	1.52677e+09	3.14159	1.48832	0.192796	
11.6513	1.52677e+09	3.14159	1.48414	0.162345	
11.6703	1.52677e+09	3.14159	1.50095	0.191647	
11.6907	1.52677e+09	3.14159	3.25553	0.187994	
11.7124	1.52677e+09	3.14159	2.24272	0.232232	
11.7321	1.52677e+09	3.14159	1.47462	0.187675	
11.7508	1.52677e+09	3.14159	3.74698	0.184522	
11.772	1.52677e+09	3.14159	2.24216	0.225057	
11.794	1.52677e+09	3.14159	4.67285	0.143068	
11.8201	1.52677e+09	3.14159	2.42712	0.180243	
11.8406	1.52677e+09	3.14159	1.47828	0.17405	
11.8668	1.52677e+09	3.14159	6.99512	0.281512	
11.8858	1.52677e+09	3.14159	1.56337	0.158643	
11.9123	1.52677e+09	3.14159	1.77459	0.245473	
11.9357	1.52677e+09	3.14159	1.5024	0.184921	
11.9588	1.52677e+09	3.14159	1.49521	0.167175	
11.9815	1.52677e+09	3.14159	2.98145	0.229867	
12.0097	1.52677e+09	3.14159	1.47168	0.20006	
12.0297	1.52677e+09	3.14159	1.48321	0.183983	
12.0526	1.52677e+09	3.14159	5.29488	0.174467	
12.0693	1.52677e+09	3.14159	9.70655	0.151812	
12.0904	1.52677e+09	3.14159	2.25642	0.164306	
12.1066	1.52677e+09	3.14159	5.22558	0.16168	
12.1284	1.52677e+09	3.14159	1.4782	0.198925	
12.161	1.52678e+09	3.14159	1.96934	0.142191	
12.1746	1.52678e+09	3.14159	3.8788	0.198058	
12.2083	1.52678e+09	3.14159	3.58819	0.197357	
12.224	1.52678e+09	3.14159	3.72695	0.233975	
12.2663	1.52678e+09	3.14159	5.83017	0.192015	
12.288	1.52678e+09	3.14159	2.80226	0.20497	
12.306	1.52678e+09	3.14159	2.70656	0.145515	
12.335	1.52678e+09	3.14159	3.33666	0.190102	
12.3645	1.52678e+09	3.14159	4.00988	0.17573	
12.3884	1.52678e+09	3.14159	2.03449	0.212301	
12.4126	1.52678e+09	3.14159	3.77899	0.182106	
12.427	1.52678e+09	3.14159	3.81952	0.147305	
12.4519	1.52678e+09	3.14159	3.18386	0.202983	
12.4738	1.52678e+09	3.14159	4.1517	0.190664	
12.5011	1.52678e+09	3.14159	2.46317	0.168785	
12.5217	1.52678e+09	3.14159	3.45023	0.166686	
12.5415	1.52678e+09	3.14159	4.98323	0.194768	
12.5647	1.52678e+09	3.14159	1.50767	0.169257	
12.5817	1.52678e+09	3.14159	1.48243	0.16907	
12.6053	1.52678e+09	3.14159	6.29604	0.164324	
12.622	1.52678e+09	3.14159	1.48885	0.221022	
12.6475	1.52678e+09	3.14159	2.53964	0.182697	
12.6705	1.52678e+09	3.14159	4.82173	0.299754	
12.6926	1.52678e+09	3.14159	1.48096	0.145982	
12.7236	1.52678e+09	3.14159	1.48991	0.158473	
12.749	1.52678e+09	3.14159	1.48944	0.175958	
12.7653	1.52678e+09	3.14159	1.49183	0.180407	
12.789	1.52678e+09	3.14159	3.36631	0.150607	
12.817	1.52678e+09	3.14159	1.48563	0.151475	
12.8391	1.52678e+09	3.14159	2.83883	0.208722	
12.8625	1.52678e+09	3.14159	3.04644	0.173375	
12.8846	1.52678e+09	3.14159	2.12784	0.220942	
12.916	1.52678e+09	3.14159	1.47506	0.141761	
12.9308	1.52678e+09	3.14159	1.478	0.174321	
12.9499	1.52678e+09	3.14159	6.15085	0.186788	
12.9688	1.52678e+09	3.14159	4.85496	0.203161	
12.9901	1.52678e+09	3.14159	4.22909	0.197069	
13.0052	1.52678e+09	3.14159	4.85785	0.210684	
13.0325	1.52678e+09	3.14159	1.47088	0.209816	
13.0465	1.52678e+09	3.14159	5.90266	0.190394	
13.0695	1.52678e+09	3.14159	2.63902	0.166381	
13.09	1.52678e+09	3.14159	14.4698	0.186451	
13.1185	1.52678e+09	3.14159	1.58297	0.199329	
13.1451	1.52678e+09	3.14159	1.49602	0.250684	
13.1601	1.52678e+09	3.14159	2.66232	0.194548	
13.1871	1.52678e+09	3.14159	1.50271	0.174184	
13.2115	1.52678e+09	3.14159	1.4958	0.200992	
13.2385	1.52678e+09	3.14159	1.49855	0.123532	
13.2645	1.52678e+09	3.14159	1.75241	0.194252	
13.2904	1.52678e+09	3.14159	3.00284	0.257023	
13.3065	1.52678e+09	3.14159	2.38715	0.165181	
13.3297	1.52678e+09	3.14159	1.49273	0.175831	
13.3503	1.52678e+09	3.14159	2.78997	0.201564	
13.3737	1.52678e+09	3.14159	4.12846	0.178177	
13.3993	1.52678e+09	3.14159	1.49386	0.153058	
13.4183	1.52678e+09	3.14159	4.29086	0.151463	
13.4414	1.52678e+09	3.14159	1.49281	0.138571	
13.4564	1.52678e+09	3.14159	2.08236	0.184045	
13.4804	1.52678e+09	3.14159	5.7029	0.181406	
13.5022	1.52678e+09	3.14159	1.5013	0.183791	
13.5231	1.52678e+09	3.14159	7.09782	0.183805	
13.5407	1.52678e+09	3.14159	1.49963	0.171057	
13.5611	1.52678e+09	3.14159	1.48853	0.181842	
13.5838	1.52678e+09	3.14159	1.49402	0.178375	
13.6051	1.52678e+09	3.14159	3.61715	0.136837	
13.623	1.52678e+09	3.14159	2.26378	0.252821	
13.6442	1.52678e+09	3.14159	1.49974	0.1626	
13.6654	1.52678e+09	3.14159	7.57498	0.216719	
13.6863	1.52678e+09	3.14159	3.32771	0.155366	
13.7039	1.52678e+09	3.14159	2.41735	0.18499	
13.7268	1.52678e+09	3.14159	1.50868	0.177127	
13.747	1.52678e+09	3.14159	4.20465	0.126814	
13.7707	1.52678e+09	3.14159	3.36047	0.186163	
13.7908	1.52678e+09	3.14159	2.03735	0.18207	
13.8187	1.52678e+09	3.14159	1.49653	0.190901	
13.8409	1.52678e+09	3.14159	5.35489	0.174208	
13.865	1.52678e+09	3.14159	4.58388	0.224528	
13.8894	1.52678e+09	3.14159	4.02089	0.141865	
13.9123	1.52678e+09	3.14159	2.02272	0.153163	
13.9388	1.52678e+09	3.14159	1.49239	0.214187	
13.958	1.52678e+09	3.14159	2.29316	0.258897	
13.9817	1.52678e+09	3.14159	4.49521	0.170186	
14.0036	1.52678e+09	3.14159	2.89806	0.203217	
14.0224	1.52678e+09	3.14159	5.99621	0.190699	
14.0444	1.52678e+09	3.14159	4.99598	0.182066	
14.0664	1.52678e+09	3.14159	2.32332	0.188265	
14.0822	1.52678e+09	3.14159	3.24448	0.211389	
14.1031	1.52678e+09	3.14159	1.49541	0.161444	
14.1257	1.52678e+09	3.14159	6.7691	0.179194	
14.1427	1.52678e+09	3.14159	1.49355	0.17416	
14.1621	1.52678e+09	3.14159	5.48129	0.214063	
14.1812	1.52678e+09	3.14159	1.49265	0.155378	
14.2037	1.52678e+09	3.14159	4.21187	0.139768	
14.2284	1.52678e+09	3.14159	2.44982	0.175121	
14.2494	1.52678e+09	3.14159	1.4859	0.133137	
14.2748	1.52678e+09	3.14159	1.49128	0.140491	
14.2942	1.52678e+09	3.14159	5.9531	0.173846	
14.3173	1.52678e+09	3.14159	1.49534	0.180226	
14.3449	1.52678e+09	3.14159	2.47531	0.1895	
14.3682	1.52678e+09	3.14159	2.6502	0.171395	
14.3984	1.52678e+09	3.14159	1.49491	0.161994	
14.4135	1.52678e+09	3.14159	4.42289	0.178577	
14.4344	1.52678e+09	3.14159	9.07296	0.343521	
14.4504	1.52678e+09	3.14159	4.12193	0.224638	
14.4733	1.52678e+09	3.14159	1.49391	0.167661	
14.4924	1.52678e+09	3.14159	4.05701	0.169551	
14.5153	1.52678e+09	3.14159	1.64678	0.157065	
14.5384	1.52678e+09	3.14159	3.13744	0.170558	
14.5622	1.52678e+09	3.14159	5.30854	0.174648	
14.5834	1.52678e+09	3.14159	1.94814	0.172886	
14.604	1.52678e+09	3.14159	2.28693	0.183977	
14.6249	1.52678e+09	3.14159	1.49906	0.212974	
14.6435	1.52678e+09	3.14159	5.16721	0.141003	
14.6747	1.52678e+09	3.14159	4.05641	0.175755	
14.6974	1.52678e+09	3.14159	1.50243	0.16997	
14.7232	1.52678e+09	3.14159	6.25912	0.249692	
14.7509	1.52678e+09	3.14159	3.46611	0.131421	
14.7768	1.52678e+09	3.14159	1.49584	0.199994	
14.7964	1.52678e+09	3.14159	2.97608	0.169432	
14.8171	1.52678e+09	3.14159	1.49316	0.155683	
14.8365	1.52678e+09	3.14159	3.22909	0.182377	
14.8566	1.52678e+09	3.14159	1.66453	0.197251	
14.8834	1.52678e+09	3.14159	6.16874	0.160654	
14.9092	1.52678e+09	3.14159	2.01007	0.159175	
14.9321	1.52679e+09	3.14159	2.65956	0.140466	
14.956	1.52679e+09	3.14159	4.2258	0.146517	
14.9827	1.52679e+09	3.14159	3.28278	0.193853	
14.9985	1.52679e+09	3.14159	3.80154	0.209398	
15.016	1.52679e+09	3.14159	1.49101	0.190604	
15.0329	1.52679e+09	3.14159	6.27495	0.134921	
15.0578	1.52679e+09	3.14159	2.51387	0.147655	
15.0762	1.52679e+09	3.14159	1.51364	0.143524	
15.0985	1.52679e+09	3.14159	1.89038	0.148721	
15.1167	1.52679e+09	3.14159	1.48688	0.170135	
15.1372	1.52679e+09	3.14159	8.17114	0.229778	
15.1605	1.52679e+09	3.14159	2.17304	0.183578	
15.1767	1.52679e+09	3.14159	2.72455	0.199371	
15.1965	1.52679e+09	3.14159	4.498	0.186559	
15.2169	1.52679e+09	3.14159	1.48955	0.14257	
15.2396	1.52679e+09	3.14159	1.80383	0.183313	
15.255	1.52679e+09	3.14159	2.60987	0.152007	
15.2708	1.52679e+09	3.14159	1.67426	0.20338	
15.2894	1.52679e+09	3.14159	3.42113	0.188186	
15.304	1.52679e+09	3.14159	6.90299	0.148577	
15.328	1.52679e+09	3.14159	7.28135	0.224547	
15.3475	1.52679e+09	3.14159	2.94251	0.204837	
15.3681	1.52679e+09	3.14159	1.49214	0.182843	
15.3926	1.52679e+09	3.14159	2.47667	0.167417	
15.4104	1.52679e+09	3.14159	3.59996	0.208857	
15.4337	1.52679e+09	3.14159	1.59016	0.276599	
15.4564	1.52679e+09	3.14159	8.22528	0.255747	
15.4814	1.52679e+09	3.14159	1.82351	0.149868	
15.5035	1.52679e+09	3.14159	2.86188	0.254293	
15.5281	1.52679e+09	3.14159	1.48563	0.191524	
15.543	1.52679e+09	3.14159	7.26515	0.17198	
15.5729	1.52679e+09	3.14159	2.62632	0.140126	
15.5953	1.52679e+09	3.14159	1.52392	0.178107	
15.6189	1.52679e+09	3.14159	8.38861	0.174491	
15.6374	1.52679e+09	3.14159	3.28129	0.175834	
15.6565	1.52679e+09	3.14159	1.99304	0.150818	
15.6825	1.52679e+09	3.14159	1.7948	0.163589	
15.6994	1.52679e+09	3.14159	4.19125	0.17396	
15.7229	1.52679e+09	3.14159	1.49886	0.167264	
15.7434	1.52679e+09	3.14159	3.96151	0.174792	
15.7628	1.52679e+09	3.14159	1.49631	0.180916	
15.7842	1.52679e+09	3.14159	1.69532	0.141391	
15.8107	1.52679e+09	3.14159	1.50691	0.190296	
15.8315	1.52679e+09	3.14159	1.51928	0.226599	
15.8619	1.52679e+09	3.14159	2.91912	0.157649	
15.8849	1.52679e+09	3.14159	1.49991	0.213634	
15.902	1.52679e+09	3.14159	1.82121	0.191711	
15.9232	1.52679e+09	3.14159	2.44858	0.175146	
15.95	1.52679e+09	3.14159	1.49171	0.185423	
15.9667	1.52679e+09	3.14159	1.51596	0.135602	
15.9902	1.52679e+09	3.14159	1.50525	0.234092	
16.0055	1.52679e+09	3.14159	1.51872	0.205872	
16.0281	1.52679e+09	3.14159	3.64242	0.17123	
16.0471	1.52679e+09	3.14159	5.07102	0.166389	
16.0685	1.52679e+09	3.14159	8.79094	0.184142	
16.0891	1.52679e+09	3.14159	3.46066	0.155981	
16.1109	1.52679e+09	3.14159	1.49859	0.238896	
16.138	1.52679e+09	3.14159	1.50154	0.154424	
16.1625	1.52679e+09	3.14159	2.13824	0.186447	
16.1831	1.52679e+09	3.14159	1.7973	0.188321	
16.2053	1.52679e+09	3.14159	1.94819	0.224171	
16.2288	1.52679e+09	3.14159	2.6958	0.166096	
16.2509	1.52679e+09	3.14159	1.53615	0.172871	
16.2734	1.52679e+09	3.14159	1.61881	0.16859	
16.2928	1.52679e+09	3.14159	3.33452	0.157907	
16.3134	1.52679e+09	3.14159	1.50559	0.192336	
16.3331	1.52679e+09	3.14159	4.16828	0.180077	
16.35	1.52679e+09	3.14159	2.01993	0.183887	
16.3725	1.52679e+09	3.14159	2.39504	0.201435	
16.3962	1.52679e+09	3.14159	2.93636	0.170141	
16.4147	1.52679e+09	3.14159	6.44155	0.150061	
16.4341	1.52679e+09	3.14159	1.90342	0.168521	
16.4607	1.52679e+09	3.14159	3.83383	0.188866	
16.4835	1.52679e+09	3.14159	10.663	0.160356	
16.5087	1.52679e+09	3.14159	6.64468	0.176072	
16.5322	1.52679e+09	3.14159	1.49938	0.132537	
16.5591	1.52679e+09	3.14159	6.37919	0.182436	
16.5763	1.52679e+09	3.14159	1.50222	0.196115	
16.5959	1.52679e+09	3.14159	1.49666	0.196711	
16.6096	1.52679e+09	3.14159	3.40509	0.191622	
16.6274	1.52679e+09	3.14159	1.4932	0.171341	
16.6537	1.52679e+09	3.14159	3.13612	0.186391	
16.6765	1.52679e+09	3.14159	3.78438	0.204465	
16.7026	1.52679e+09	3.14159	1.49711	0.199759	
16.7272	1.52679e+09	3.14159	1.49797	0.14925	
16.7531	1.52679e+09	3.14159	1.55494	0.15735	
16.772	1.52679e+09	3.14159	2.6979	0.15909	
16.7998	1.52679e+09	3.14159	4.48015	0.140108	
16.8211	1.52679e+09	3.14159	1.49454	0.150253	
16.851	1.52679e+09	3.14159	1.49019	0.177016	
16.8719	1.52679e+09	3.14159	1.78657	0.140593	
16.8989	1.52679e+09	3.14159	7.62656	0.248051	
16.9206	1.52679e+09	3.14159	1.53118	0.171197	
16.9382	1.52679e+09	3.14159	5.60863	0.192337	
16.9548	1.52679e+09	3.14159	4.72209	0.165354	
16.9823	1.52679e+09	3.14159	1.48652	0.17993	
16.998	1.52679e+09	3.14159	1.4957	0.176368	
17.0201	1.52679e+09	3.14159	1.48224	0.195438	
17.0427	1.52679e+09	3.14159	2.29203	0.195183	
17.0705	1.52679e+09	3.14159	1.49971	0.17209	
17.0956	1.52679e+09	3.14159	3.46625	0.1462	
17.1117	1.52679e+09	3.14159	1.7668	0.129861	
17.1366	1.52679e+09	3.14159	2.69753	0.184099	
17.158	1.52679e+09	3.14159	4.61387	0.197455	
17.1951	1.52679e+09	3.14159	3.96296	0.143684	
17.2158	1.52679e+09	3.14159	1.49426	0.152855	
17.2371	1.52679e+09	3.14159	2.78401	0.220562	
17.2678	1.52679e+09	3.14159	1.50109	0.186131	
17.2893	1.52679e+09	3.14159	1.73587	0.219484	
17.3218	1.52679e+09	3.14159	5.89384	0.204604	
17.3437	1.52679e+09	3.14159	1.78006	0.232234	
17.3655	1.52679e+09	3.14159	4.14329	0.148757	
17.3939	1.52679e+09	3.14159	2.00814	0.189058	
17.4179	1.52679e+09	3.14159	1.50164	0.195074	
17.4443	1.52679e+09	3.14159	1.49687	0.166294	
17.4662	1.52679e+09	3.14159	3.58844	0.133523	
17.4848	1.52679e+09	3.14159	3.23579	0.139801	
17.5106	1.52679e+09	3.14159	3.12699	0.165676	
17.5397	1.52679e+09	3.14159	4.18857	0.139875	
17.5635	1.52679e+09	3.14159	3.13488	0.192236	
17.5774	1.52679e+09	3.14159	1.50684	0.156305	
17.6044	1.52679e+09	3.14159	1.53162	0.205044	
17.6224	1.52679e+09	3.14159	2.96652	0.21301	
17.6477	1.52679e+09	3.14159	4.70665	0.220277	
17.6722	1.52679e+09	3.14159	1.65603	0.20122	
17.6962	1.52679e+09	3.14159	3.32723	0.200509	
17.7218	1.5268e+09	3.14159	3.23163	0.197662	
17.7392	1.5268e+09	3.14159	1.50048	0.151886	
17.7649	1.5268e+09	3.14159	4.1748	0.171151	
17.7953	1.5268e+09	3.14159	3.25914	0.167519	
17.8142	1.5268e+09	3.14159	1.49091	0.235197	
17.8292	1.5268e+09	3.14159	1.67885	0.237772	
17.8525	1.5268e+09	3.14159	2.25268	0.244541	
17.8708	1.5268e+09	3.14159	1.48009	0.193849	
17.8873	1.5268e+09	3.14159	6.42789	0.22773	
17.9062	1.5268e+09	3.14159	1.49482	0.189036	
17.9204	1.5268e+09	3.14159	2.66524	0.186061	
17.9379	1.5268e+09	3.14159	1.48079	0.181448	
17.9611	1.5268e+09	3.14159	1.4952	0.159368	
17.9824	1.5268e+09	3.14159	2.79422	0.152948	
17.9987	1.5268e+09	3.14159	2.02767	0.174534	
18.015	1.5268e+09	3.14159	1.48501	0.188872	
18.0317	1.5268e+09	3.14159	3.01823	0.209843	
18.0549	1.5268e+09	3.14159	4.47058	0.17264	
18.0763	1.5268e+09	3.14159	1.51184	0.170654	
18.0937	1.5268e+09	3.14159	1.52147	0.17147	
18.1152	1.5268e+09	3.14159	1.48673	0.160372	
18.1406	1.5268e+09	3.14159	1.50094	0.176609	
18.1565	1.5268e+09	3.14159	3.14306	0.18919	
18.1808	1.5268e+09	3.14159	1.48661	0.217967	
18.2054	1.5268e+09	3.14159	1.51044	0.221802	
18.2285	1.5268e+09	3.14159	1.48489	0.212023	
18.2484	1.5268e+09	3.14159	1.48692	0.188273	
18.2648	1.5268e+09	3.14159	1.49341	0.188624	
18.2843	1.5268e+09	3.14159	2.2975	0.179251	
18.3059	1.5268e+09	3.14159	1.5078	0.189354	
18.3277	1.5268e+09	3.14159	2.96312	0.238104	
18.3545	1.5268e+09	3.14159	3.08242	0.209553	
18.3778	1.5268e+09	3.14159	6.81694	0.165221	
18.4019	1.5268e+09	3.14159	2.45486	0.136622	
18.4224	1.5268e+09	3.14159	1.48802	0.219198	
18.4472	1.5268e+09	3.14159	1.48463	0.158874	
18.469	1.5268e+09	3.14159	1.49837	0.182594	
18.4912	1.5268e+09	3.14159	1.50626	0.196083	
18.5137	1.5268e+09	3.14159	1.52503	0.165619	
18.5314	1.5268e+09	3.14159	2.22575	0.187946	
18.5521	1.5268e+09	3.14159	12.9382	0.205177	
18.572	1.5268e+09	3.14159	2.49935	0.164194	
18.5961	1.5268e+09	3.14159	1.47956	0.205769	
18.6147	1.5268e+09	3.14159	2.10647	0.177931	
18.6362	1.5268e+09	3.14159	3.80406	0.178205	
18.658	1.5268e+09	3.14159	1.54192	0.159951	
18.6838	1.5268e+09	3.14159	1.51573	0.154853	
18.7024	1.5268e+09	3.14159	1.51741	0.194582	
18.7269	1.5268e+09	3.14159	3.71596	0.184909	
18.7466	1.5268e+09	3.14159	3.09756	0.218748	
18.7731	1.5268e+09	3.14159	4.82958	0.251977	
18.7887	1.5268e+09	3.14159	4.71384	0.136797	
18.8134	1.5268e+09	3.14159	9.88027	0.214066	
18.8317	1.5268e+09	3.14159	1.48632	0.148707	
18.8502	1.5268e+09	3.14159	1.4938	0.158571	
18.8703	1.5268e+09	3.14159	3.32222	0.240027	
18.8887	1.5268e+09	3.14159	2.00752	0.137246	
18.9127	1.5268e+09	3.14159	1.47614	0.175855	
18.9331	1.5268e+09	3.14159	1.48143	0.220892	
18.9608	1.5268e+09	3.14159	3.79925	0.162273	
18.9817	1.5268e+09	3.14159	4.08942	0.16726	
18.9969	1.5268e+09	3.14159	1.47975	0.15427	
19.02	1.5268e+09	3.14159	1.48272	0.169648	
19.0458	1.5268e+09	3.14159	3.38038	0.190983	
19.0659	1.5268e+09	3.14159	2.77978	0.191793	
19.0863	1.5268e+09	3.14159	6.37344	0.208032	
19.1054	1.5268e+09	3.14159	2.57096	0.161027	
19.1295	1.5268e+09	3.14159	4.91635	0.175214	
19.1446	1.5268e+09	3.14159	3.33751	0.179245	
19.167	1.5268e+09	3.14159	1.4719	0.170132	
19.1859	1.5268e+09	3.14159	1.479	0.310456	
19.216	1.5268e+09	3.14159	3.10288	0.186971	
19.2418	1.5268e+09	3.14159	2.66823	0.140423	
19.2592	1.5268e+09	3.14159	3.18179	0.179007	
19.2777	1.5268e+09	3.14159	2.20529	0.156925	
19.3036	1.5268e+09	3.14159	1.48798	0.149383	
19.3282	1.5268e+09	3.14159	4.81229	0.208635	
19.3542	1.5268e+09	3.14159	1.47529	0.19191	
19.372	1.5268e+09	3.14159	5.63895	0.25824	
19.3976	1.5268e+09	3.14159	1.4713	0.166167	
19.4183	1.5268e+09	3.14159	3.0098	0.152382	
19.4357	1.5268e+09	3.14159	2.45187	0.186312	
19.4672	1.5268e+09	3.14159	1.4752	0.179272	
19.4823	1.5268e+09	3.14159	1.48506	0.151803	
19.5032	1.5268e+09	3.14159	1.62361	0.195187	
19.5292	1.5268e+09	3.14159	1.48656	0.200007	
19.5576	1.5268e+09	3.14159	1.49362	0.188784	
19.5788	1.5268e+09	3.14159	2.09732	0.174745	
19.599	1.5268e+09	3.14159	1.47633	0.200633	
19.618	1.5268e+09	3.14159	1.50333	0.183082	
19.6423	1.5268e+09	3.14159	1.7915	0.220806	
19.6616	1.5268e+09	3.14159	1.48364	0.158319	
19.6809	1.5268e+09	3.14159	1.48609	0.181175	
19.7101	1.5268e+09	3.14159	2.35923	0.141226	
19.7295	1.5268e+09	3.14159	6.51077	0.161461	
19.7566	1.5268e+09	3.14159	1.49381	0.232952	
19.7811	1.5268e+09	3.14159	1.85887	0.212683	
19.8043	1.5268e+09	3.14159	1.81748	0.174945	
19.8237	1.5268e+09	3.14159	2.06511	0.211556	
19.843	1.5268e+09	3.14159	2.9771	0.169325	
19.8672	1.5268e+09	3.14159	1.50466	0.18692	
19.8828	1.5268e+09	3.14159	4.22402	0.169285	
19.9044	1.5268e+09	3.14159	2.18994	0.139484	
19.9302	1.5268e+09	3.14159	2.4349	0.166942	
19.9566	1.5268e+09	3.14159	1.51017	0.266531	
19.9816	1.5268e+09	3.14159	3.41806	0.190767	
20.0046	1.5268e+09	3.14159	2.25346	0.149606	
20.0211	1.5268e+09	3.14159	1.50465	0.181462	
20.041	1.5268e+09	3.14159	2.97048	0.165411	
20.0619	1.5268e+09	3.14159	2.07679	0.19014	
20.0798	1.5268e+09	3.14159	4.32321	0.216365	
20.0978	1.5268e+09	3.14159	2.98809	0.281039	
20.1153	1.5268e+09	3.14159	1.50326	0.158682	
20.1336	1.5268e+09	3.14159	3.76708	0.179829	
20.1515	1.5268e+09	3.14159	1.5097	0.225552	
20.1716	1.5268e+09	3.14159	2.67117	0.170411	
20.1926	1.5268e+09	3.14159	2.38139	0.166677	
20.2144	1.5268e+09	3.14159	10.1955	0.156747	
20.2389	1.5268e+09	3.14159	4.62384	0.193293	
20.2606	1.5268e+09	3.14159	2.42349	0.203793	
20.2876	1.5268e+09	3.14159	4.74734	0.204213	
20.3054	1.5268e+09	3.14159	1.50312	0.183304	
20.3347	1.5268e+09	3.14159	1.48516	0.162894	
20.3557	1.5268e+09	3.14159	1.52964	0.157579	
20.382	1.5268e+09	3.14159	5.41454	0.176322	
20.4027	1.5268e+09	3.14159	1.7697	0.182414	
20.4301	1.5268e+09	3.14159	3.00988	0.186792	
20.452	1.5268e+09	3.14159	4.3522	0.144962	
20.4705	1.5268e+09	3.14159	1.88609	0.181268	
20.486	1.52681e+09	3.14159	3.12604	0.165845	
20.511	1.52681e+09	3.14159	8.84406	0.222471	
20.5287	1.52681e+09	3.14159	1.47234	0.234376	
20.549	1.52681e+09	3.14159	3.35095	0.225742	
20.5688	1.52681e+09	3.14159	2.59466	0.156186	
20.5944	1.52681e+09	3.14159	9.86204	0.139027	
20.6242	1.52681e+09	3.14159	4.36283	0.170107	
20.6496	1.52681e+09	3.14159	1.50939	0.177275	
20.6763	1.52681e+09	3.14159	1.49039	0.229759	
20.7019	1.52681e+09	3.14159	2.00695	0.165481	
20.7241	1.52681e+09	3.14159	5.5018	0.176423	
20.7451	1.52681e+09	3.14159	5.65676	0.170521	
20.7677	1.52681e+09	3.14159	4.10398	0.179373	
20.7879	1.52681e+09	3.14159	1.49679	0.170915	
20.8116	1.52681e+09	3.14159	1.50872	0.20685	
20.8308	1.52681e+09	3.14159	1.48687	0.15994	
20.8487	1.52681e+09	3.14159	1.50084	0.169921	
20.8674	1.52681e+09	3.14159	3.9009	0.279323	
20.8877	1.52681e+09	3.14159	3.17978	0.171706	
20.9102	1.52681e+09	3.14159	2.00282	0.229498	
20.9369	1.52681e+09	3.14159	1.91081	0.187459	
20.9585	1.52681e+09	3.14159	1.68274	0.189741	
20.9749	1.52681e+09	3.14159	3.90019	0.192158	
20.9941	1.52681e+09	3.14159	3.66043	0.186833	
21.024	1.52681e+09	3.14159	2.06906	0.206334	
21.0446	1.52681e+09	3.14159	8.19746	0.235368	
21.0717	1.52681e+09	3.14159	1.92936	0.177323	
21.0906	1.52681e+09	3.14159	2.39514	0.156078	
21.1149	1.52681e+09	3.14159	2.09436	0.148536	
21.1338	1.52681e+09	3.14159	1.58316	0.17435	
21.1628	1.52681e+09	3.14159	1.67343	0.178859	
21.1948	1.52681e+09	3.14159	7.21502	0.216469	
21.2134	1.52681e+09	3.14159	3.25831	0.158085	
21.2399	1.52681e+09	3.14159	3.3676	0.168666	
21.2589	1.52681e+09	3.14159	1.50966	0.177806	
21.2777	1.52681e+09	3.14159	4.22813	0.153798	
21.3037	1.52681e+09	3.14159	3.83963	0.255423	
21.3239	1.52681e+09	3.14159	1.50043	0.13638	
21.3457	1.52681e+09	3.14159	4.7347	0.192193	
21.3667	1.52681e+09	3.14159	2.21845	0.218268	
21.3918	1.52681e+09	3.14159	3.53495	0.265862	
21.4212	1.52681e+09	3.14159	2.25257	0.179793	
21.4356	1.52681e+09	3.14159	2.02876	0.111343	
21.4591	1.52681e+09	3.14159	1.49245	0.149138	
21.4758	1.52681e+09	3.14159	2.89765	0.169613	
21.5015	1.52681e+09	3.14159	3.25456	0.212564	
21.5342	1.52681e+09	3.14159	1.48868	0.208246	
21.5565	1.52681e+09	3.14159	1.49325	0.188914	
21.582	1.52681e+09	3.14159	1.493	0.154185	
21.6034	1.52681e+09	3.14159	6.55445	0.146214	
21.6286	1.52681e+09	3.14159	1.53519	0.161978	
21.6542	1.52681e+09	3.14159	1.49843	0.212784	
21.6757	1.52681e+09	3.14159	2.5339	0.208247	
21.6971	1.52681e+09	3.14159	3.56222	0.165244	
21.7281	1.52681e+09	3.14159	1.48692	0.141503	
21.7497	1.52681e+09	3.14159	1.4856	0.211056	
21.7725	1.52681e+09	3.14159	4.32875	0.19223	
21.7996	1.52681e+09	3.14159	5.5806	0.184294	
21.8285	1.52681e+09	3.14159	8.59553	0.275821	
21.853	1.52681e+09	3.14159	2.70325	0.168967	
21.8732	1.52681e+09	3.14159	2.81959	0.199916	
21.8886	1.52681e+09	3.14159	1.48991	0.152497	
21.9112	1.52681e+09	3.14159	3.94986	0.221891	
21.9332	1.52681e+09	3.14159	1.78047	0.248667	
21.9591	1.52681e+09	3.14159	1.48229	0.168417	
21.9816	1.52681e+09	3.14159	4.71734	0.19084	
22.0013	1.52681e+09	3.14159	2.3267	0.174711	
22.0249	1.52681e+09	3.14159	1.47908	0.163294	
22.0509	1.52681e+09	3.14159	5.36082	0.096015	
22.0725	1.52681e+09	3.14159	1.48429	0.272353	
22.0849	1.52681e+09	3.14159	1.961	0.140239	
22.1095	1.52681e+09	3.14159	2.02866	0.187999	
22.1338	1.52681e+09	3.14159	1.48813	0.15378	
22.1571	1.52681e+09	3.14159	2.69795	0.203582	
22.1772	1.52681e+09	3.14159	1.48874	0.263024	
22.1908	1.52681e+09	3.14159	2.23254	0.269015	
22.2085	1.52681e+09	3.14159	1.48823	0.19336	
22.2325	1.52681e+09	3.14159	4.20585	0.135596	
22.2602	1.52681e+09	3.14159	1.48841	0.163981	
22.2793	1.52681e+09	3.14159	1.48179	0.185378	
22.2995	1.52681e+09	3.14159	6.53087	0.14634	
22.3243	1.52681e+09	3.14159	1.49751	0.159691	
22.3503	1.52681e+09	3.14159	1.49641	0.215177	
22.3654	1.52681e+09	3.14159	2.28169	0.234923	
22.3892	1.52681e+09	3.14159	1.4864	0.162303	
22.4128	1.52681e+09	3.14159	1.48528	0.148324	
22.4313	1.52681e+09	3.14159	4.44962	0.176781	
22.4483	1.52681e+09	3.14159	4.26259	0.17924	
22.4743	1.52681e+09	3.14159	2.29865	0.182927	
22.4987	1.52681e+09	3.14159	1.48284	0.159445	
22.5154	1.52681e+09	3.14159	2.81541	0.2772	
22.539	1.52681e+09	3.14159	1.49113	0.165578	
22.5638	1.52681e+09	3.14159	1.733	0.174201	
22.5899	1.52681e+09	3.14159	1.86712	0.160725	
22.6112	1.52681e+09	3.14159	5.46136	0.180937	
22.6405	1.52681e+09	3.14159	2.38149	0.154429	
22.6541	1.52681e+09	3.14159	1.48883	0.159475	
22.673	1.52681e+09	3.14159	5.30972	0.1575	
22.6935	1.52681e+09	3.14159	5.21845	0.195792	
22.7144	1.52681e+09	3.14159	4.48863	0.205788	
22.7355	1.52681e+09	3.14159	3.11404	0.167429	
22.7564	1.52681e+09	3.14159	2.85511	0.177896	
22.7766	1.52681e+09	3.14159	1.96413	0.222223	
22.8001	1.52681e+09	3.14159	5.86995	0.206829	
22.8242	1.52681e+09	3.14159	1.47862	0.233512	
22.8467	1.52681e+09	3.14159	5.1709	0.210642	
22.8726	1.52681e+09	3.14159	3.11202	0.205176	
22.889	1.52681e+09	3.14159	1.65524	0.160186	
22.9086	1.52681e+09	3.14159	2.07016	0.151783	
22.9394	1.52681e+09	3.14159	1.49947	0.195874	
22.9604	1.52681e+09	3.14159	1.4888	0.24841	
22.983	1.52681e+09	3.14159	1.50525	0.149888	
23.0085	1.52681e+09	3.14159	1.47267	0.194809	
23.0291	1.52681e+09	3.14159	1.83703	0.16393	
23.058	1.52681e+09	3.14159	2.14434	0.208545	
23.078	1.52681e+09	3.14159	2.85699	0.137603	
23.1048	1.52681e+09	3.14159	1.81722	0.179464	
23.1263	1.52681e+09	3.14159	1.56812	0.181066	
23.1485	1.52681e+09	3.14159	10.5406	0.171984	
23.1713	1.52681e+09	3.14159	1.48946	0.232905	
23.189	1.52681e+09	3.14159	1.49103	0.184456	
23.2158	1.52681e+09	3.14159	3.76504	0.226587	
23.2366	1.52681e+09	3.14159	1.48066	0.180852	
23.2571	1.52682e+09	3.14159	2.00693	0.166356	
23.2807	1.52682e+09	3.14159	1.58642	0.170384	
23.3011	1.52682e+09	3.14159	1.49641	0.175242	
23.3226	1.52682e+09	3.14159	3.82741	0.15529	
23.3509	1.52682e+09	3.14159	5.53066	0.21981	
23.3732	1.52682e+09	3.14159	2.46493	0.20055	
23.3936	1.52682e+09	3.14159	1.48656	0.185567	
23.4145	1.52682e+09	3.14159	1.48637	0.253908	
23.4396	1.52682e+09	3.14159	1.47934	0.187354	
23.4597	1.52682e+09	3.14159	3.64285	0.165151	
23.4902	1.52682e+09	3.14159	2.73381	0.121029	
23.5108	1.52682e+09	3.14159	16.1635	0.175084	
23.5263	1.52682e+09	3.14159	4.15154	0.185645	
23.5482	1.52682e+09	3.14159	2.61713	0.15545	
23.5657	1.52682e+09	3.14159	4.95971	0.205932	
23.5895	1.52682e+09	3.14159	2.30012	0.186816	
23.6058	1.52682e+09	3.14159	3.02726	0.170235	
23.6326	1.52682e+09	3.14159	4.1208	0.18419	
23.6546	1.52682e+09	3.14159	1.4857	0.210961	
23.6684	1.52682e+09	3.14159	1.55183	0.140893	
23.6977	1.52682e+09	3.14159	3.93623	0.242719	
23.7196	1.52682e+09	3.14159	2.76195	0.236433	
23.7399	1.52682e+09	3.14159	4.98307	0.228162	
23.764	1.52682e+09	3.14159	1.48909	0.179126	
23.784	1.52682e+09	3.14159	1.49605	0.185457	
23.8166	1.52682e+09	3.14159	1.48973	0.164443	
23.84	1.52682e+09	3.14159	4.52821	0.173293	
23.8649	1.52682e+09	3.14159	2.7232	0.193604	
23.8858	1.52682e+09	3.14159	2.61426	0.381082	
23.9086	1.52682e+09	3.14159	1.50663	0.150788	
23.9336	1.52682e+09	3.14159	3.12323	0.18319	
23.9564	1.52682e+09	3.14159	5.48842	0.168758	
23.9771	1.52682e+09	3.14159	6.42837	0.185271	
