idx timestamp pi t2 t1+t3
0	1.52671e+09	3.14159	3.45658	0.141481	
0.0129363	1.52671e+09	3.14159	7.13915	0.126403	
0.0262633	1.52671e+09	3.14159	10.3799	0.129678	
0.0397043	1.52671e+09	3.14159	13.2565	0.140365	
0.0530475	1.52671e+09	3.14159	16.5622	0.146236	
0.0664397	1.52671e+09	3.14159	20.375	0.139892	
0.0796038	1.52671e+09	3.14159	23.4643	0.132947	
0.0929472	1.52671e+09	3.14159	27.0799	0.12469	
0.106274	1.52671e+09	3.14159	29.7144	0.129353	
0.119666	1.52671e+09	3.14159	33.0672	0.138555	
0.132928	1.52671e+09	3.14159	36.2825	0.120125	
0.146271	1.52671e+09	3.14159	39.498	0.134707	
0.159696	1.52671e+09	3.14159	42.6514	0.133002	
0.172942	1.52671e+09	3.14159	45.9769	0.213661	
0.186383	1.52671e+09	3.14159	49.3613	0.150103	
0.199596	1.52671e+09	3.14159	52.5558	0.132786	
0.212939	1.52671e+09	3.14159	55.4068	0.256554	
0.226266	1.52671e+09	3.14159	58.9075	0.185987	
0.239625	1.52671e+09	3.14159	63.1454	0.312529	
0.252952	1.52671e+09	3.14159	65.4864	0.159786	
0.266279	1.52671e+09	3.14159	69.0769	0.264224	
0.279834	1.52671e+09	3.14159	72.2924	0.240825	
0.29295	1.52671e+09	3.14159	75.4604	0.22796	
0.306277	1.52671e+09	3.14159	78.8767	0.327684	
0.31962	1.52671e+09	3.14159	82.2399	0.178656	
0.332947	1.52671e+09	3.14159	84.9539	0.143584	
0.34629	1.52671e+09	3.14159	88.2961	0.143287	
0.359617	1.52671e+09	3.14159	91.4209	0.141672	
0.372944	1.52671e+09	3.14159	94.426	0.138012	
0.386287	1.52671e+09	3.14159	97.9112	0.127938	
0.399614	1.52671e+09	3.14159	100.92	0.140614	
0.412957	1.52671e+09	3.14159	109.512	0.149082	
0.426594	1.52671e+09	3.14159	117.748	0.151381	
0.439611	1.52671e+09	3.14159	110.789	0.132576	
0.452938	1.52671e+09	3.14159	116.598	0.156667	
0.466282	1.52671e+09	3.14159	122.12	0.140483	
0.479983	1.52671e+09	3.14159	123.477	0.126671	
0.494416	1.52671e+09	3.14159	130.093	1.11624	
0.507141	1.52671e+09	3.14159	127.731	0.112662	
0.520322	1.52671e+09	3.14159	130.906	0.170291	
0.533161	1.52671e+09	3.14159	134.216	0.153051	
0.546309	1.52671e+09	3.14159	137.574	0.158082	
0.560563	1.52671e+09	3.14159	143.472	0.168607	
0.573158	1.52671e+09	3.14159	145.895	0.100812	
0.58668	1.52671e+09	3.14159	148.995	0.147701	
0.60043	1.52671e+09	3.14159	151.718	0.169099	
0.612944	1.52671e+09	3.14159	153.673	0.152328	
0.626498	1.52671e+09	3.14159	164.229	0.148975	
0.639842	1.52671e+09	3.14159	164.171	0.118007	
0.65312	1.52671e+09	3.14159	163.71	0.164105	
0.666382	1.52671e+09	3.14159	175.728	0.149706	
0.679595	1.52671e+09	3.14159	171.403	0.14713	
0.69468	1.52671e+09	3.14159	173.943	0.163704	
0.707128	1.52671e+09	3.14159	177.354	0.160576	
0.719837	1.52671e+09	3.14159	185.01	0.180528	
0.73305	1.52671e+09	3.14159	185.759	0.170281	
0.746279	1.52671e+09	3.14159	187.352	0.153547	
0.760615	1.52671e+09	3.14159	191.145	0.177969	
0.772933	1.52671e+09	3.14159	197.133	0.330129	
0.786276	1.52671e+09	3.14159	197.481	0.246087	
0.800303	1.52671e+09	3.14159	206.965	0.296994	
0.813353	1.52671e+09	3.14159	204.203	0.133978	
0.826632	1.52671e+09	3.14159	207.825	0.165344	
0.840154	1.52671e+09	3.14159	214.994	0.158054	
0.853351	1.52671e+09	3.14159	216.231	0.172341	
0.867133	1.52671e+09	3.14159	219.208	0.191275	
0.880232	1.52671e+09	3.14159	223.443	0.307787	
0.893055	1.52671e+09	3.14159	229.847	1.38996	
0.906284	1.52671e+09	3.14159	232.467	0.281515	
0.920051	1.52671e+09	3.14159	233.011	0.293171	
0.932955	1.52671e+09	3.14159	234.732	0.277979	
0.946916	1.52671e+09	3.14159	242.915	0.316043	
0.959625	1.52671e+09	3.14159	241.797	0.237945	
0.973342	1.52671e+09	3.14159	243.978	0.170321	
0.987336	1.52671e+09	3.14159	248.154	0.162304	
1.00024	1.52671e+09	3.14159	252.33	0.159939	
1.01393	1.52671e+09	3.14159	259.74	0.155898	
1.02685	1.52671e+09	3.14159	268.963	0.18717	
1.03965	1.52671e+09	3.14159	264.656	0.156857	
1.05295	1.52671e+09	3.14159	267.119	0.192752	
1.06715	1.52671e+09	3.14159	269.759	0.181278	
1.08344	1.52671e+09	3.14159	276.744	0.171102	
1.09294	1.52671e+09	3.14159	277.093	0.163139	
1.10743	1.52671e+09	3.14159	281.211	0.156779	
1.12026	1.52671e+09	3.14159	292.098	0.21211	
1.13362	1.52671e+09	3.14159	290.342	0.207716	
1.14628	1.52671e+09	3.14159	289.249	0.211538	
1.16007	1.52671e+09	3.14159	291.507	0.193696	
1.17403	1.52671e+09	3.14159	299.309	0.185107	
1.18644	1.52671e+09	3.14159	299.534	0.222901	
1.20005	1.52671e+09	3.14159	301.017	0.240954	
1.2131	1.52671e+09	3.14159	307.839	0.11665	
1.22678	1.52671e+09	3.14159	314.502	0.121333	
1.23965	1.52671e+09	3.14159	313.05	0.206952	
1.25401	1.52671e+09	3.14159	314.581	0.184289	
1.2665	1.52671e+09	3.14159	315.997	0.225378	
1.27973	1.52671e+09	3.14159	322.636	0.141234	
1.29295	1.52671e+09	3.14159	322.586	0.201832	
1.30634	1.52671e+09	3.14159	327.739	0.221663	
1.3209	1.52671e+09	3.14159	327.628	0.144672	
1.3332	1.52671e+09	3.14159	329.957	0.153421	
1.34655	1.52671e+09	3.14159	332.476	0.182749	
1.35979	1.52671e+09	3.14159	342.882	0.19811	
1.37364	1.52671e+09	3.14159	339.859	0.187724	
1.38645	1.52671e+09	3.14159	340.918	0.189584	
1.39989	1.52671e+09	3.14159	348.241	0.202888	
1.41388	1.52671e+09	3.14159	344.072	0.207283	
1.42683	1.52671e+09	3.14159	345.4	0.222564	
1.43969	1.52671e+09	3.14159	347.459	0.223822	
1.45315	1.52671e+09	3.14159	353.217	0.185773	
1.46882	1.52671e+09	3.14159	354.552	0.249903	
1.47962	1.52671e+09	3.14159	353.831	0.177032	
1.49303	1.52671e+09	3.14159	359.432	0.212919	
1.5072	1.52671e+09	3.14159	359.466	0.188047	
1.51985	1.52671e+09	3.14159	361.124	0.196169	
1.53304	1.52671e+09	3.14159	365.319	0.19613	
1.5465	1.52671e+09	3.14159	365.064	0.197929	
1.56113	1.52671e+09	3.14159	366.388	0.197788	
1.57312	1.52671e+09	3.14159	368.168	0.161584	
1.58668	1.52671e+09	3.14159	370.724	0.20812	
1.59991	1.52671e+09	3.14159	372.919	0.157898	
1.61351	1.52671e+09	3.14159	374.969	0.207045	
1.62635	1.52671e+09	3.14159	375.269	0.430923	
1.63972	1.52671e+09	3.14159	384.697	0.275358	
1.65294	1.52671e+09	3.14159	404.353	0.164572	
1.66669	1.52671e+09	3.14159	382.853	0.173938	
1.67997	1.52671e+09	3.14159	383.913	0.182314	
1.69315	1.52671e+09	3.14159	387.514	0.188988	
1.70636	1.52671e+09	3.14159	387.355	0.21931	
1.72004	1.52671e+09	3.14159	387.16	0.217851	
1.73311	1.52671e+09	3.14159	393.032	0.223868	
1.74639	1.52671e+09	3.14159	393.116	0.229089	
1.75965	1.52671e+09	3.14159	394.097	0.233776	
1.77324	1.52671e+09	3.14159	399.268	0.243875	
1.78629	1.52671e+09	3.14159	398.208	0.216825	
1.79988	1.52671e+09	3.14159	399.816	0.225234	
1.81297	1.52671e+09	3.14159	400.124	0.198131	
1.82703	1.52671e+09	3.14159	401.426	0.155335	
1.83963	1.52671e+09	3.14159	403.645	0.218587	
1.85296	1.52671e+09	3.14159	403.226	0.215136	
1.86628	1.52671e+09	3.14159	407.38	0.216517	
1.87961	1.52671e+09	3.14159	406.945	0.185532	
1.89294	1.52671e+09	3.14159	409.22	0.178697	
1.90628	1.52671e+09	3.14159	410.281	0.197848	
1.91983	1.52671e+09	3.14159	415.746	0.220675	
1.93295	1.52671e+09	3.14159	413.922	0.161522	
1.94628	1.52671e+09	3.14159	416.612	0.211225	
1.95962	1.52671e+09	3.14159	416.839	0.176776	
1.97326	1.52671e+09	3.14159	420.049	0.21579	
1.98668	1.52671e+09	3.14159	417.314	0.198534	
1.99988	1.52671e+09	3.14159	421.084	0.214143	
2.01343	1.52671e+09	3.14159	420.112	0.17379	
2.02682	1.52671e+09	3.14159	419.943	0.226573	
2.03961	1.52671e+09	3.14159	421.306	0.168825	
2.05296	1.52671e+09	3.14159	425.013	0.173992	
2.06629	1.52671e+09	3.14159	429.076	0.217646	
2.08062	1.52671e+09	3.14159	428.07	0.218364	
2.09307	1.52671e+09	3.14159	427.451	0.173056	
2.10628	1.52671e+09	3.14159	432.959	0.230562	
2.11963	1.52671e+09	3.14159	432.326	0.183201	
2.13396	1.52671e+09	3.14159	429.426	0.185755	
2.14628	1.52671e+09	3.14159	432.108	0.278087	
2.16011	1.52671e+09	3.14159	436.182	0.234459	
2.17295	1.52671e+09	3.14159	438.314	0.180456	
2.18745	1.52671e+09	3.14159	437.045	0.385024	
2.20066	1.52671e+09	3.14159	456.523	0.240521	
2.21332	1.52671e+09	3.14159	439.776	0.283544	
2.22701	1.52671e+09	3.14159	439.749	0.220085	
2.23962	1.52671e+09	3.14159	442.247	0.248091	
2.25294	1.52671e+09	3.14159	440.721	0.217833	
2.26643	1.52671e+09	3.14159	440.789	0.204557	
2.2796	1.52671e+09	3.14159	441.998	0.174963	
2.29294	1.52671e+09	3.14159	448.302	0.170148	
2.3064	1.52671e+09	3.14159	445.272	0.173809	
2.31964	1.52671e+09	3.14159	446.005	0.210602	
2.33356	1.52671e+09	3.14159	446.454	0.147618	
2.34628	1.52671e+09	3.14159	446.09	0.206785	
2.35963	1.52671e+09	3.14159	446.904	0.193818	
2.37333	1.52671e+09	3.14159	448.407	0.249097	
2.38659	1.52671e+09	3.14159	449.168	0.231725	
2.39962	1.52671e+09	3.14159	452.817	0.218144	
2.41303	1.52671e+09	3.14159	451.015	0.259137	
2.42628	1.52671e+09	3.14159	465.314	0.229496	
2.43999	1.52671e+09	3.14159	456.8	0.222924	
2.45295	1.52671e+09	3.14159	455.047	0.230892	
2.46681	1.52671e+09	3.14159	455.066	0.206431	
2.47986	1.52671e+09	3.14159	457.131	0.18861	
2.49358	1.52671e+09	3.14159	463.984	0.233732	
2.50632	1.52671e+09	3.14159	458.93	0.224451	
2.52002	1.52671e+09	3.14159	458.139	0.251501	
2.53356	1.52671e+09	3.14159	457.188	0.206419	
2.54674	1.52671e+09	3.14159	469.443	0.180948	
2.56013	1.52671e+09	3.14159	469.538	0.29131	
2.57295	1.52671e+09	3.14159	460.488	0.186099	
2.58628	1.52671e+09	3.14159	459.638	0.209268	
2.60003	1.52671e+09	3.14159	463.468	0.293722	
2.61295	1.52671e+09	3.14159	463.408	0.210917	
2.62629	1.52671e+09	3.14159	463.123	0.219	
2.64022	1.52671e+09	3.14159	464.311	0.287572	
2.65345	1.52671e+09	3.14159	463.682	0.187763	
2.66636	1.52671e+09	3.14159	464.559	0.244848	
2.67962	1.52671e+09	3.14159	473.837	0.325427	
2.69304	1.52671e+09	3.14159	466.397	0.217913	
2.70629	1.52671e+09	3.14159	470.78	0.204709	
2.72017	1.52671e+09	3.14159	468.179	0.382059	
2.73335	1.52671e+09	3.14159	471.413	0.396144	
2.74723	1.52671e+09	3.14159	468.82	0.226171	
2.75961	1.52671e+09	3.14159	469.697	0.199716	
2.77296	1.52671e+09	3.14159	471.566	0.252962	
2.78628	1.52671e+09	3.14159	472.268	0.233638	
2.80018	1.52671e+09	3.14159	472.3	0.218344	
2.81295	1.52671e+09	3.14159	497.226	0.217153	
2.82628	1.52671e+09	3.14159	474.845	0.241946	
2.83979	1.52671e+09	3.14159	473.009	0.217231	
2.85354	1.52671e+09	3.14159	474.28	0.298925	
2.86628	1.52671e+09	3.14159	474.661	0.224903	
2.87962	1.52671e+09	3.14159	475.161	0.208216	
2.89308	1.52671e+09	3.14159	478.879	0.337693	
2.90671	1.52671e+09	3.14159	475.44	0.236518	
2.91962	1.52671e+09	3.14159	477.791	0.244032	
2.93335	1.52671e+09	3.14159	478.018	0.230927	
2.94714	1.52671e+09	3.14159	478.599	0.237198	
2.9597	1.52671e+09	3.14159	479.903	0.279624	
2.97302	1.52671e+09	3.14159	480.188	0.268442	
2.98629	1.52671e+09	3.14159	490.051	0.247811	
2.99989	1.52671e+09	3.14159	490.944	0.361629	
3.01296	1.52671e+09	3.14159	480.212	0.253605	
3.0271	1.52671e+09	3.14159	479.845	0.211083	
3.03961	1.52671e+09	3.14159	480.895	0.280005	
3.05295	1.52671e+09	3.14159	480.601	0.283722	
3.06628	1.52671e+09	3.14159	480.949	0.24493	
3.08016	1.52671e+09	3.14159	486.519	0.276942	
3.09326	1.52671e+09	3.14159	485.959	0.270386	
3.10628	1.52671e+09	3.14159	482.997	0.231765	
3.11962	1.52671e+09	3.14159	482.379	0.20378	
3.13368	1.52671e+09	3.14159	482.886	0.264086	
3.14627	1.52671e+09	3.14159	485.267	0.271466	
3.15985	1.52671e+09	3.14159	482.992	0.257152	
3.17319	1.52671e+09	3.14159	484.132	0.245372	
3.1867	1.52671e+09	3.14159	486.807	0.247896	
3.19962	1.52671e+09	3.14159	486.696	0.266843	
3.21296	1.52671e+09	3.14159	485.843	0.278138	
3.22629	1.52671e+09	3.14159	485.31	0.264952	
3.24002	1.52671e+09	3.14159	486.176	0.243847	
3.25296	1.52671e+09	3.14159	485.304	0.223575	
3.26628	1.52671e+09	3.14159	485.938	0.19445	
3.27961	1.52671e+09	3.14159	492.644	0.237433	
3.29347	1.52671e+09	3.14159	491.309	0.277273	
3.30626	1.52671e+09	3.14159	489.178	0.265171	
3.31962	1.52671e+09	3.14159	489.386	0.252793	
3.33295	1.52671e+09	3.14159	489.793	0.272698	
3.34628	1.52671e+09	3.14159	489.777	0.227143	
3.36004	1.52671e+09	3.14159	489.761	0.261828	
3.37295	1.52671e+09	3.14159	488.813	0.295621	
3.38629	1.52671e+09	3.14159	492.765	0.27934	
3.39962	1.52671e+09	3.14159	489.507	0.29365	
3.41293	1.52671e+09	3.14159	489.729	0.263332	
3.42643	1.52671e+09	3.14159	489.814	0.282197	
3.44084	1.52671e+09	3.14159	493.642	0.222315	
3.45296	1.52671e+09	3.14159	491.509	0.279146	
3.46633	1.52671e+09	3.14159	490.648	0.286604	
3.47971	1.52671e+09	3.14159	490.748	0.246132	
3.49453	1.52671e+09	3.14159	490.516	0.201103	
3.50633	1.52671e+09	3.14159	491.546	0.250768	
3.51971	1.52671e+09	3.14159	491.477	0.248473	
3.53295	1.52671e+09	3.14159	489.909	0.295106	
3.54688	1.52671e+09	3.14159	494.087	0.268985	
3.55969	1.52671e+09	3.14159	492.617	0.295791	
3.57308	1.52671e+09	3.14159	493.198	0.290963	
3.58668	1.52671e+09	3.14159	497.505	0.302623	
3.6005	1.52671e+09	3.14159	496.606	0.290793	
3.61295	1.52671e+09	3.14159	495.612	0.296414	
3.62629	1.52671e+09	3.14159	494.577	0.295797	
3.63986	1.52671e+09	3.14159	494.526	0.296236	
3.65345	1.52671e+09	3.14159	493.985	0.325129	
3.66629	1.52671e+09	3.14159	502.776	0.331164	
3.67961	1.52671e+09	3.14159	494.472	0.304397	
3.69301	1.52671e+09	3.14159	494.064	0.303838	
3.70642	1.52671e+09	3.14159	497.761	0.304407	
3.71961	1.52671e+09	3.14159	494.999	0.280107	
3.73296	1.52671e+09	3.14159	502.941	0.242101	
3.74628	1.52671e+09	3.14159	497.881	0.265899	
3.75963	1.52671e+09	3.14159	510.712	0.289455	
3.77295	1.52671e+09	3.14159	495.073	0.281164	
3.78628	1.52671e+09	3.14159	496.023	0.253556	
3.79977	1.52671e+09	3.14159	496.018	0.258952	
3.81419	1.52671e+09	3.14159	505.469	0.252406	
3.82665	1.52671e+09	3.14159	497.839	0.317199	
3.83982	1.52671e+09	3.14159	495.479	0.322085	
3.85358	1.52671e+09	3.14159	495.531	0.285987	
3.86629	1.52671e+09	3.14159	495.543	0.262416	
3.88007	1.52671e+09	3.14159	495.083	0.274831	
3.89293	1.52671e+09	3.14159	505.29	0.398473	
3.90741	1.52671e+09	3.14159	495.352	0.284518	
3.91984	1.52671e+09	3.14159	496.102	0.310122	
3.93338	1.52671e+09	3.14159	497.592	0.268101	
3.94627	1.52671e+09	3.14159	495.632	0.29142	
3.96033	1.52671e+09	3.14159	497.739	0.366857	
3.9731	1.52671e+09	3.14159	496.572	0.284184	
3.98627	1.52671e+09	3.14159	495.5	0.276151	
3.99961	1.52671e+09	3.14159	497.528	0.344048	
4.01383	1.52671e+09	3.14159	497.264	0.346385	
4.02639	1.52671e+09	3.14159	497.523	0.32702	
4.03961	1.52671e+09	3.14159	504.006	0.279844	
4.05293	1.52671e+09	3.14159	498.454	0.324906	
4.06642	1.52671e+09	3.14159	499.36	0.333787	
4.08029	1.52671e+09	3.14159	500.843	0.331656	
4.09311	1.52671e+09	3.14159	520.066	0.32261	
4.1065	1.52671e+09	3.14159	497.572	0.296056	
4.1196	1.52671e+09	3.14159	503.798	0.285242	
4.13381	1.52671e+09	3.14159	500.819	0.299124	
4.14627	1.52671e+09	3.14159	506.541	0.328058	
4.1596	1.52671e+09	3.14159	503.136	0.349272	
4.17325	1.52671e+09	3.14159	500.912	0.338048	
4.18641	1.52671e+09	3.14159	503.726	0.304369	
4.20023	1.52671e+09	3.14159	512.519	0.248965	
4.21294	1.52671e+09	3.14159	502.812	0.351451	
4.22679	1.52671e+09	3.14159	523.456	0.374323	
4.42781	1.52671e+09	3.14159	496.847	0.296654	
4.43959	1.52671e+09	3.14159	502.184	0.320472	
4.45294	1.52671e+09	3.14159	495.901	0.480661	
4.46734	1.52671e+09	3.14159	498.262	0.566019	
4.48006	1.52671e+09	3.14159	496.518	0.232444	
4.66702	1.52671e+09	3.14159	497.343	0.32994	
4.68041	1.52671e+09	3.14159	495.189	0.403714	
4.79985	1.52671e+09	3.14159	506.61	0.380752	
4.81431	1.52671e+09	3.14159	497.261	0.36164	
4.82741	1.52671e+09	3.14159	496.72	0.385003	
4.84017	1.52671e+09	3.14159	497.475	0.1987	
4.85405	1.52671e+09	3.14159	497.975	0.273732	
5.0005	1.52671e+09	3.14159	500.337	0.252695	
5.01431	1.52671e+09	3.14159	499.402	0.37504	
5.20084	1.52671e+09	3.14159	493.791	0.235088	
5.21323	1.52671e+09	3.14159	495.505	0.328625	
5.22711	1.52671e+09	3.14159	494.85	0.250736	
5.24131	1.52671e+09	3.14159	493.805	0.190181	
5.25355	1.52671e+09	3.14159	494.787	0.359127	
5.26653	1.52671e+09	3.14159	496.224	0.264902	
5.45334	1.52671e+09	3.14159	495.322	0.445166	
5.46738	1.52671e+09	3.14159	494.055	0.501785	
5.47998	1.52671e+09	3.14159	495.982	0.300539	
5.49313	1.52671e+09	3.14159	503.628	0.509314	
5.50696	1.52671e+09	3.14159	494.27	0.26682	
5.69381	1.52671e+09	3.14159	493.036	0.398853	
5.70699	1.52671e+09	3.14159	496.17	0.180498	
5.72014	1.52671e+09	3.14159	492.448	0.273124	
5.80064	1.52671e+09	3.14159	494.222	0.275472	
5.81382	1.52671e+09	3.14159	494.132	0.438798	
5.82729	1.52671e+09	3.14159	495.342	0.484946	
5.83995	1.52671e+09	3.14159	493.092	0.267682	
5.85312	1.52671e+09	3.14159	493.715	0.301288	
5.94748	1.52671e+09	3.14159	493.242	0.184407	
5.96034	1.52671e+09	3.14159	495.775	0.250642	
6.05325	1.52671e+09	3.14159	493.959	0.438683	
6.06692	1.52671e+09	3.14159	492.602	0.591064	
6.07964	1.52671e+09	3.14159	491.778	0.185514	
6.09382	1.52671e+09	3.14159	492.829	0.2409	
6.20033	1.52671e+09	3.14159	492.825	0.389095	
6.21374	1.52671e+09	3.14159	491.746	0.518331	
6.22674	1.52671e+09	3.14159	492.418	0.279528	
6.32064	1.52671e+09	3.14159	494.378	0.289067	
6.33378	1.52671e+09	3.14159	505.952	0.311138	
6.34659	1.52671e+09	3.14159	498.526	0.29728	
6.37455	1.52671e+09	3.14159	494.91	0.48132	
6.4939	1.52671e+09	3.14159	495.405	0.815838	
6.53429	1.52671e+09	3.14159	491.588	0.289374	
6.54664	1.52671e+09	3.14159	490.596	0.365546	
6.59997	1.52671e+09	3.14159	496.979	0.338994	
6.61402	1.52671e+09	3.14159	495.585	0.305776	
6.62657	1.52671e+09	3.14159	493.381	0.341109	
6.70652	1.52671e+09	3.14159	494.566	0.33248	
6.72163	1.52671e+09	3.14159	491.472	0.389036	
6.73337	1.52671e+09	3.14159	491.028	0.336614	
6.74705	1.52671e+09	3.14159	491.878	0.424089	
6.76064	1.52671e+09	3.14159	490.421	0.320227	
6.86784	1.52671e+09	3.14159	491.892	0.406596	
6.88061	1.52671e+09	3.14159	492.215	0.268581	
6.89342	1.52671e+09	3.14159	490.849	0.248369	
6.90714	1.52671e+09	3.14159	497.49	0.26297	
6.92107	1.52671e+09	3.14159	491.456	0.254627	
6.94684	1.52671e+09	3.14159	492.644	0.448068	
7.01439	1.52671e+09	3.14159	491.324	0.46217	
7.02723	1.52671e+09	3.14159	489.517	0.205904	
7.09378	1.52671e+09	3.14159	495.295	0.43939	
7.10712	1.52671e+09	3.14159	491.691	0.217298	
7.17363	1.52671e+09	3.14159	489.888	0.217427	
7.18671	1.52671e+09	3.14159	489.027	0.349921	
7.22708	1.52671e+09	3.14159	489.175	0.387301	
7.23995	1.52671e+09	3.14159	491.239	0.290021	
7.25362	1.52671e+09	3.14159	491.24	0.25907	
7.32016	1.52671e+09	3.14159	491.152	0.28444	
7.3343	1.52671e+09	3.14159	491.572	0.253462	
7.34711	1.52671e+09	3.14159	489.961	0.313949	
7.36097	1.52671e+09	3.14159	492.535	0.353659	
7.37326	1.52671e+09	3.14159	492.49	0.331004	
7.3867	1.52671e+09	3.14159	492.169	0.298522	
7.4671	1.52671e+09	3.14159	490.934	1.27652	
7.50657	1.52671e+09	3.14159	490.021	0.218799	
7.52011	1.52671e+09	3.14159	491.714	0.378298	
7.56161	1.52671e+09	3.14159	492.237	0.402884	
7.57306	1.52671e+09	3.14159	493.342	0.311078	
7.5866	1.52671e+09	3.14159	492.058	0.285907	
7.60066	1.52671e+09	3.14159	492.929	0.39254	
7.61382	1.52671e+09	3.14159	491.477	0.183164	
7.69325	1.52671e+09	3.14159	488.821	1.17188	
7.7201	1.52671e+09	3.14159	488.481	0.45225	
7.78719	1.52671e+09	3.14159	490.412	0.269459	
7.80016	1.52671e+09	3.14159	489.113	0.344554	
7.81352	1.52671e+09	3.14159	492.068	0.313964	
7.82748	1.52671e+09	3.14159	499.878	0.405839	
7.84221	1.52671e+09	3.14159	489.683	0.370756	
7.96044	1.52671e+09	3.14159	492.08	0.2493	
7.97411	1.52671e+09	3.14159	490.934	0.309021	
7.98693	1.52671e+09	3.14159	490.432	0.313999	
8.00167	1.52671e+09	3.14159	498.108	0.343483	
8.0137	1.52671e+09	3.14159	492.518	0.280159	
8.02651	1.52671e+09	3.14159	491.334	0.373284	
8.04022	1.52671e+09	3.14159	497.47	0.233824	
8.05332	1.52671e+09	3.14159	492.258	0.326526	
8.06673	1.52671e+09	3.14159	492.096	0.449172	
8.08072	1.52671e+09	3.14159	493.051	0.371976	
8.09423	1.52671e+09	3.14159	490.294	0.54435	
8.10699	1.52671e+09	3.14159	491.472	0.636177	
8.12155	1.52671e+09	3.14159	490.817	0.34252	
8.21329	1.52671e+09	3.14159	494.308	0.34352	
8.22815	1.52671e+09	3.14159	493.185	0.340899	
8.30658	1.52671e+09	3.14159	491.351	0.325664	
8.32064	1.52671e+09	3.14159	489.824	0.188312	
8.33376	1.52671e+09	3.14159	489.882	0.286869	
8.34669	1.52671e+09	3.14159	496.709	0.399081	
8.36022	1.52671e+09	3.14159	491.667	0.353672	
8.3732	1.52671e+09	3.14159	495.057	0.26087	
8.38676	1.52671e+09	3.14159	495.461	0.43675	
8.40069	1.52671e+09	3.14159	493.293	0.266728	
8.41367	1.52671e+09	3.14159	493.312	0.292595	
8.48076	1.52671e+09	3.14159	491.833	0.343267	
8.49311	1.52671e+09	3.14159	490.653	0.397807	
8.50673	1.52671e+09	3.14159	501.7	0.266541	
8.52016	1.52671e+09	3.14159	496.942	0.279465	
8.53311	1.52671e+09	3.14159	496.012	0.268833	
8.54663	1.52671e+09	3.14159	490.495	0.279398	
8.56028	1.52671e+09	3.14159	493.241	0.345059	
8.57342	1.52671e+09	3.14159	498.288	0.354015	
8.65349	1.52671e+09	3.14159	497.01	0.421736	
8.66674	1.52671e+09	3.14159	491.012	0.201516	
8.68112	1.52671e+09	3.14159	493.904	1.27016	
8.69464	1.52671e+09	3.14159	489.191	0.366372	
8.70644	1.52671e+09	3.14159	492.279	0.538953	
8.72018	1.52671e+09	3.14159	491.717	0.294024	
8.73438	1.52671e+09	3.14159	490.806	0.39631	
8.74685	1.52671e+09	3.14159	491.625	0.235617	
8.7603	1.52671e+09	3.14159	490.516	0.268578	
8.82715	1.52671e+09	3.14159	489.904	0.308436	
8.84028	1.52671e+09	3.14159	488.826	0.384426	
8.85345	1.52671e+09	3.14159	491.198	0.29883	
8.8676	1.52671e+09	3.14159	491.303	0.371582	
8.88036	1.52671e+09	3.14159	489.403	0.443598	
8.96014	1.52671e+09	3.14159	490.725	0.43843	
8.97386	1.52671e+09	3.14159	491.722	0.225563	
8.98698	1.52671e+09	3.14159	495.167	0.321143	
9.00011	1.52671e+09	3.14159	495.5	0.235903	
9.01343	1.52671e+09	3.14159	490.811	0.259549	
9.02743	1.52671e+09	3.14159	519.867	0.386377	
9.03996	1.52671e+09	3.14159	492.322	0.338879	
9.09429	1.52671e+09	3.14159	496.947	0.370846	
9.10768	1.52671e+09	3.14159	490.614	0.395504	
9.12051	1.52671e+09	3.14159	493.264	0.348033	
9.134	1.52671e+09	3.14159	491.054	0.295324	
9.14771	1.52671e+09	3.14159	495.211	0.362502	
9.16037	1.52671e+09	3.14159	490.146	0.2833	
9.17456	1.52671e+09	3.14159	490.316	0.284692	
9.2	1.52671e+09	3.14159	491.435	0.548806	
9.21345	1.52671e+09	3.14159	491.181	0.378593	
9.22725	1.52671e+09	3.14159	490.046	0.428638	
9.24016	1.52671e+09	3.14159	492.131	0.235926	
9.25461	1.52671e+09	3.14159	489.111	0.287029	
9.26741	1.52671e+09	3.14159	489.418	0.346522	
9.28025	1.52671e+09	3.14159	490.827	0.275828	
9.29517	1.52671e+09	3.14159	492.047	0.332046	
9.30668	1.52671e+09	3.14159	494.926	0.250226	
9.34705	1.52671e+09	3.14159	495.347	0.268736	
9.36044	1.52671e+09	3.14159	490.433	0.403425	
9.37416	1.52671e+09	3.14159	489.734	0.451957	
9.38639	1.52671e+09	3.14159	494.874	0.403466	
9.39971	1.52671e+09	3.14159	490.896	0.356686	
9.41347	1.52671e+09	3.14159	491.963	0.195827	
9.42646	1.52671e+09	3.14159	490.938	0.309153	
9.43975	1.52671e+09	3.14159	490.997	0.40914	
9.50762	1.52671e+09	3.14159	491.938	0.374544	
9.5197	1.52671e+09	3.14159	492.491	0.423659	
9.53351	1.52671e+09	3.14159	494.428	0.365604	
9.54739	1.52671e+09	3.14159	496.799	0.275861	
9.56197	1.52671e+09	3.14159	494.704	0.309047	
9.57411	1.52671e+09	3.14159	491.693	0.24588	
9.58884	1.52671e+09	3.14159	490.507	0.331807	
9.60137	1.52671e+09	3.14159	491.51	0.36461	
9.61367	1.52671e+09	3.14159	494.259	0.343162	
9.62672	1.52671e+09	3.14159	489.185	0.268272	
9.64128	1.52671e+09	3.14159	490.865	0.282486	
9.66764	1.52671e+09	3.14159	492.623	0.39623	
9.68011	1.52671e+09	3.14159	498.557	0.375536	
9.69334	1.52671e+09	3.14159	490.692	0.237088	
9.70725	1.52671e+09	3.14159	489.755	0.262377	
9.72025	1.52671e+09	3.14159	490.986	0.27594	
9.73386	1.52671e+09	3.14159	489.903	0.285753	
9.74674	1.52671e+09	3.14159	491.112	0.379218	
9.75984	1.52671e+09	3.14159	490.173	0.429998	
9.77371	1.52671e+09	3.14159	492.052	0.225976	
9.78713	1.52671e+09	3.14159	493.653	0.280287	
9.80088	1.52671e+09	3.14159	492.565	0.320545	
9.81336	1.52671e+09	3.14159	489.861	0.375111	
9.88106	1.52671e+09	3.14159	488.733	0.258443	
9.89347	1.52671e+09	3.14159	487.796	0.415512	
9.9068	1.52671e+09	3.14159	489.671	0.479302	
9.92006	1.52671e+09	3.14159	507.48	0.233111	
9.93448	1.52671e+09	3.14159	488.267	0.272942	
9.94675	1.52671e+09	3.14159	488.047	0.326909	
9.96006	1.52671e+09	3.14159	491.588	0.260365	
9.97335	1.52671e+09	3.14159	489.16	0.411939	
10.0268	1.52671e+09	3.14159	493.557	0.350795	
10.0407	1.52671e+09	3.14159	489.005	0.255733	
10.0543	1.52671e+09	3.14159	488.409	0.390279	
10.0673	1.52671e+09	3.14159	491.161	0.456273	
10.0802	1.52671e+09	3.14159	498.056	0.250833	
10.0935	1.52671e+09	3.14159	487.997	0.319836	
10.1065	1.52671e+09	3.14159	489.386	0.261433	
10.1205	1.52671e+09	3.14159	490.041	0.264449	
10.1347	1.52671e+09	3.14159	489.338	0.373773	
10.1466	1.52671e+09	3.14159	489.074	0.281849	
10.1604	1.52671e+09	3.14159	494.074	0.271419	
10.1733	1.52671e+09	3.14159	494.851	0.258413	
10.187	1.52671e+09	3.14159	489.502	0.277949	
10.2005	1.52671e+09	3.14159	495.501	0.286305	
10.2137	1.52671e+09	3.14159	490.754	0.430672	
10.2273	1.52671e+09	3.14159	488.457	0.423841	
10.24	1.52671e+09	3.14159	492.432	0.310636	
10.2542	1.52671e+09	3.14159	519.271	0.308713	
10.2675	1.52671e+09	3.14159	488.546	0.300117	
10.2801	1.52671e+09	3.14159	488.409	0.437131	
10.2935	1.52671e+09	3.14159	489.687	0.480917	
10.309	1.52671e+09	3.14159	490.02	0.47161	
10.3212	1.52671e+09	3.14159	490.136	0.364161	
10.3343	1.52671e+09	3.14159	488.346	0.283316	
10.3476	1.52671e+09	3.14159	489.143	0.490484	
10.3608	1.52671e+09	3.14159	489.143	0.305829	
10.3745	1.52671e+09	3.14159	498.101	0.397204	
10.3877	1.52671e+09	3.14159	491.25	0.611012	
10.4005	1.52671e+09	3.14159	490.359	0.375754	
10.4134	1.52671e+09	3.14159	491.091	0.383293	
10.4804	1.52671e+09	3.14159	490.463	0.380838	
10.4935	1.52671e+09	3.14159	493.842	0.455279	
10.5067	1.52671e+09	3.14159	491.087	0.245414	
10.5201	1.52671e+09	3.14159	494.074	0.316344	
10.5341	1.52671e+09	3.14159	491.577	0.330675	
10.5469	1.52671e+09	3.14159	489.449	0.399031	
10.5607	1.52671e+09	3.14159	489.249	0.427061	
10.7075	1.52671e+09	3.14159	494.608	0.467608	
10.72	1.52671e+09	3.14159	491.794	0.241628	
10.7334	1.52671e+09	3.14159	490.709	0.25533	
10.7471	1.52671e+09	3.14159	494.08	0.376833	
10.76	1.52671e+09	3.14159	495.537	0.421022	
10.7735	1.52671e+09	3.14159	491.155	0.446754	
10.7873	1.52671e+09	3.14159	490.951	0.52262	
10.9471	1.52671e+09	3.14159	495.155	0.27992	
10.9601	1.52671e+09	3.14159	493.974	0.438139	
10.9734	1.52671e+09	3.14159	493.865	0.260399	
11.1205	1.52671e+09	3.14159	496.029	0.263669	
11.1337	1.52671e+09	3.14159	496.008	0.372849	
11.1474	1.52671e+09	3.14159	495.229	0.449975	
11.1607	1.52671e+09	3.14159	494.657	0.474448	
11.3205	1.52671e+09	3.14159	495.969	0.28599	
11.3341	1.52671e+09	3.14159	498.386	0.324515	
11.3469	1.52671e+09	3.14159	496.447	0.207016	
11.4808	1.52671e+09	3.14159	500.734	0.435942	
11.4934	1.52671e+09	3.14159	497.412	0.273686	
11.5065	1.52671e+09	3.14159	497.385	0.266557	
11.5201	1.52671e+09	3.14159	495.743	0.256995	
11.5345	1.52671e+09	3.14159	496.936	0.318663	
11.5474	1.52671e+09	3.14159	498.314	0.317439	
11.734	1.52671e+09	3.14159	502.577	0.337328	
11.7467	1.52671e+09	3.14159	501.131	0.30631	
11.7607	1.52671e+09	3.14159	501.614	0.36669	
11.774	1.52671e+09	3.14159	548.585	0.258807	
11.7871	1.52671e+09	3.14159	500.68	0.277867	
11.9735	1.52671e+09	3.14159	498.121	0.307529	
11.9874	1.52671e+09	3.14159	496.891	0.262455	
12.0005	1.52671e+09	3.14159	497.132	0.38253	
12.0548	1.52671e+09	3.14159	496.366	0.391032	
12.0682	1.52671e+09	3.14159	500.882	0.308041	
12.081	1.52671e+09	3.14159	498.892	0.358375	
12.0945	1.52671e+09	3.14159	497.818	0.36629	
12.1066	1.52671e+09	3.14159	498.193	0.252192	
12.2801	1.52671e+09	3.14159	519.487	0.347749	
12.2947	1.52671e+09	3.14159	500.62	0.274584	
12.3069	1.52671e+09	3.14159	499.537	0.364884	
12.3201	1.52671e+09	3.14159	500.509	0.274866	
12.3348	1.52671e+09	3.14159	503.615	0.257483	
12.3472	1.52671e+09	3.14159	500.095	0.338233	
12.454	1.52671e+09	3.14159	530.148	0.294361	
12.4681	1.52671e+09	3.14159	502.694	0.369445	
12.4808	1.52671e+09	3.14159	499.68	0.325812	
12.64	1.52671e+09	3.14159	502.687	0.230621	
12.6542	1.52671e+09	3.14159	502.157	0.295448	
12.6671	1.52671e+09	3.14159	500.431	0.315105	
12.7482	1.52671e+09	3.14159	502.396	0.592708	
12.7599	1.52671e+09	3.14159	500.25	0.574435	
12.775	1.52671e+09	3.14159	500.206	0.308708	
12.7866	1.52671e+09	3.14159	525.155	0.240299	
12.88	1.52671e+09	3.14159	507.444	0.423786	
12.8938	1.52671e+09	3.14159	498.615	0.525023	
12.9079	1.52671e+09	3.14159	500.469	0.171093	
12.9347	1.52671e+09	3.14159	501.963	0.284058	
12.9479	1.52671e+09	3.14159	501.599	0.325426	
12.9605	1.52671e+09	3.14159	501.688	0.413139	
12.9735	1.52671e+09	3.14159	513.827	0.211277	
12.9865	1.52671e+09	3.14159	507.525	0.289778	
13.0934	1.52671e+09	3.14159	501.178	0.176956	
13.1073	1.52671e+09	3.14159	500.28	0.294637	
13.1201	1.52671e+09	3.14159	501.736	0.43275	
13.1343	1.52671e+09	3.14159	498.251	0.401415	
13.2138	1.52671e+09	3.14159	500.741	0.323371	
13.2274	1.52671e+09	3.14159	500.58	0.430607	
13.2403	1.52671e+09	3.14159	499.238	0.28443	
13.2534	1.52671e+09	3.14159	526.89	0.250292	
13.36	1.52671e+09	3.14159	499.812	0.224779	
13.3737	1.52671e+09	3.14159	498.901	0.250481	
13.3875	1.52671e+09	3.14159	498.399	0.257294	
13.4003	1.52671e+09	3.14159	500.106	0.467184	
13.4144	1.52671e+09	3.14159	497.96	0.590457	
13.4549	1.52671e+09	3.14159	501.635	0.281281	
13.4667	1.52671e+09	3.14159	500.517	0.341599	
13.5334	1.52671e+09	3.14159	500.152	0.443446	
13.5471	1.52671e+09	3.14159	499.106	0.589642	
13.5603	1.52671e+09	3.14159	500.094	1.54504	
13.5869	1.52671e+09	3.14159	498.568	0.233793	
13.6005	1.52671e+09	3.14159	498.573	0.285335	
13.6144	1.52671e+09	3.14159	499.302	0.396228	
13.7337	1.52671e+09	3.14159	501.723	0.436503	
13.7474	1.52671e+09	3.14159	508.446	0.183841	
13.7601	1.52671e+09	3.14159	499.961	0.350517	
13.8006	1.52671e+09	3.14159	519.732	0.382961	
13.8136	1.52671e+09	3.14159	503.929	1.53505	
13.8273	1.52671e+09	3.14159	500.284	0.238043	
13.8404	1.52671e+09	3.14159	502.918	0.384831	
13.8534	1.52671e+09	3.14159	503.314	0.382016	
13.8801	1.52671e+09	3.14159	502.871	0.496158	
13.8938	1.52671e+09	3.14159	503.008	0.340596	
13.9871	1.52671e+09	3.14159	499.587	0.24842	
14.0138	1.52671e+09	3.14159	499.889	0.576037	
14.0265	1.52671e+09	3.14159	498.895	0.226883	
14.0408	1.52671e+09	3.14159	508.03	0.262251	
14.1734	1.52671e+09	3.14159	522.592	0.239415	
14.1869	1.52671e+09	3.14159	499.059	0.298134	
14.2004	1.52671e+09	3.14159	500.263	0.424151	
14.2146	1.52671e+09	3.14159	497.554	0.472695	
14.2399	1.52671e+09	3.14159	498.663	0.170436	
14.2535	1.52671e+09	3.14159	498.874	0.234238	
14.2806	1.52671e+09	3.14159	497.132	0.411697	
14.2939	1.52671e+09	3.14159	497.517	0.421502	
14.3065	1.52671e+09	3.14159	496.382	0.233846	
14.3203	1.52671e+09	3.14159	500.338	0.252775	
14.334	1.52671e+09	3.14159	501.709	0.230284	
14.3469	1.52671e+09	3.14159	504.709	0.300332	
14.3602	1.52671e+09	3.14159	499.275	0.407736	
14.3733	1.52671e+09	3.14159	498.009	0.229646	
14.4536	1.52671e+09	3.14159	501.857	0.828169	
14.507	1.52671e+09	3.14159	495.073	0.355534	
14.5201	1.52671e+09	3.14159	494.856	0.22896	
14.5334	1.52671e+09	3.14159	495.532	0.342978	
14.5466	1.52671e+09	3.14159	495.768	0.240906	
14.6276	1.52671e+09	3.14159	497.415	0.266539	
14.6408	1.52671e+09	3.14159	495.594	0.215299	
14.6535	1.52671e+09	3.14159	493.267	0.403111	
14.6675	1.52671e+09	3.14159	492.475	0.528558	
14.68	1.52671e+09	3.14159	493.838	0.340291	
14.6938	1.52671e+09	3.14159	492.918	0.385794	
14.7069	1.52671e+09	3.14159	492.623	0.216099	
14.7205	1.52671e+09	3.14159	491.339	0.285322	
14.8002	1.52671e+09	3.14159	491.271	0.322349	
14.8133	1.52671e+09	3.14159	492.169	0.294717	
14.8267	1.52671e+09	3.14159	495.268	0.313181	
14.8401	1.52671e+09	3.14159	491.34	0.390493	
14.8534	1.52671e+09	3.14159	491.55	0.280648	
14.8666	1.52671e+09	3.14159	491.345	0.215788	
14.8799	1.52671e+09	3.14159	494.222	0.336957	
14.8942	1.52671e+09	3.14159	490.739	0.312796	
14.9068	1.52671e+09	3.14159	495.966	0.574183	
14.9334	1.52671e+09	3.14159	490.717	0.267831	
14.9466	1.52671e+09	3.14159	490.025	0.282478	
14.9607	1.52671e+09	3.14159	488.024	0.33874	
14.973	1.52671e+09	3.14159	489.46	0.260319	
14.9875	1.52671e+09	3.14159	495.695	0.336112	
15.0002	1.52671e+09	3.14159	489.016	0.355205	
15.0132	1.52671e+09	3.14159	491.429	0.173282	
15.027	1.52671e+09	3.14159	489.148	0.275571	
15.0541	1.52671e+09	3.14159	489.223	0.354072	
15.0666	1.52671e+09	3.14159	487.411	0.357791	
15.0799	1.52671e+09	3.14159	489.037	0.244432	
15.2135	1.52671e+09	3.14159	483.731	0.421425	
15.2273	1.52671e+09	3.14159	487.85	0.389149	
15.2402	1.52671e+09	3.14159	481.825	0.26457	
15.2534	1.52671e+09	3.14159	482.363	0.306637	
15.2667	1.52671e+09	3.14159	482.052	0.281805	
15.2802	1.52671e+09	3.14159	482.511	0.324439	
15.3474	1.52671e+09	3.14159	486.308	0.342199	
15.3598	1.52671e+09	3.14159	480.4	0.32398	
15.3735	1.52671e+09	3.14159	479.966	0.370983	
15.3869	1.52671e+09	3.14159	480.289	0.262656	
15.3999	1.52671e+09	3.14159	481.762	0.359837	
15.4134	1.52671e+09	3.14159	487.037	0.326427	
15.4274	1.52671e+09	3.14159	477.623	0.39879	
15.4402	1.52671e+09	3.14159	481.877	0.310033	
15.4541	1.52671e+09	3.14159	477.664	0.373279	
15.4669	1.52671e+09	3.14159	478.826	0.138556	
15.48	1.52671e+09	3.14159	480.795	0.210524	
15.4932	1.52671e+09	3.14159	477.659	0.310645	
15.5069	1.52671e+09	3.14159	478.092	0.343975	
15.5202	1.52671e+09	3.14159	478.192	0.398894	
15.5334	1.52671e+09	3.14159	476.73	0.846617	
15.5608	1.52671e+09	3.14159	474.866	0.214283	
15.5741	1.52671e+09	3.14159	474.729	0.262321	
15.5874	1.52671e+09	3.14159	475.843	0.311195	
15.6001	1.52671e+09	3.14159	474.981	0.396544	
15.6138	1.52671e+09	3.14159	475.584	0.471219	
15.6266	1.52671e+09	3.14159	475.078	0.198156	
15.6406	1.52671e+09	3.14159	473.8	0.203671	
15.6544	1.52671e+09	3.14159	474.19	0.284062	
15.6667	1.52671e+09	3.14159	472.301	0.380836	
15.6809	1.52671e+09	3.14159	472.242	0.415787	
15.7876	1.52671e+09	3.14159	469.111	0.269531	
15.8008	1.52671e+09	3.14159	468.646	0.259783	
15.8135	1.52671e+09	3.14159	468.414	0.368062	
15.8277	1.52671e+09	3.14159	470.088	0.43465	
15.8414	1.52671e+09	3.14159	467.676	0.173623	
15.8534	1.52671e+09	3.14159	468.819	0.327343	
15.8669	1.52671e+09	3.14159	467.39	0.421287	
15.8806	1.52671e+09	3.14159	466.143	0.38841	
15.894	1.52671e+09	3.14159	467.221	0.414858	
15.9068	1.52671e+09	3.14159	465.6	0.272115	
15.92	1.52671e+09	3.14159	465.082	0.20249	
15.9334	1.52671e+09	3.14159	464.279	0.303965	
15.9469	1.52671e+09	3.14159	464.365	0.368501	
15.9609	1.52671e+09	3.14159	462.654	0.374544	
15.974	1.52671e+09	3.14159	469.686	0.358056	
15.9866	1.52671e+09	3.14159	462.579	0.327253	
16.0001	1.52671e+09	3.14159	462.606	0.183275	
16.0138	1.52671e+09	3.14159	462.812	0.249834	
16.027	1.52671e+09	3.14159	460.795	0.331867	
16.0408	1.52671e+09	3.14159	463.398	0.449866	
16.0533	1.52671e+09	3.14159	460.103	0.303126	
16.0673	1.52671e+09	3.14159	459.475	0.362392	
16.0807	1.52671e+09	3.14159	459.723	0.226133	
16.0933	1.52671e+09	3.14159	458.551	0.23246	
16.1067	1.52671e+09	3.14159	459.517	0.315727	
16.1203	1.52671e+09	3.14159	458.589	0.353072	
16.1331	1.52671e+09	3.14159	457.775	0.274722	
16.1475	1.52671e+09	3.14159	457.12	0.309011	
16.1611	1.52671e+09	3.14159	456.1	0.294562	
16.1742	1.52671e+09	3.14159	455.446	0.295112	
16.2272	1.52671e+09	3.14159	454.263	0.276241	
16.2535	1.52671e+09	3.14159	452.104	0.309079	
16.2665	1.52671e+09	3.14159	451.967	0.313459	
16.2809	1.52671e+09	3.14159	451.259	0.223685	
16.2939	1.52671e+09	3.14159	456.412	0.320641	
16.3063	1.52671e+09	3.14159	450.557	0.209623	
16.32	1.52671e+09	3.14159	452.6	0.277661	
16.3334	1.52671e+09	3.14159	448.989	0.312235	
16.3475	1.52671e+09	3.14159	449.447	0.331087	
16.3608	1.52671e+09	3.14159	447.494	0.254085	
16.3743	1.52671e+09	3.14159	447.083	0.253428	
16.3865	1.52671e+09	3.14159	446.776	0.201523	
16.3998	1.52671e+09	3.14159	448.519	0.305925	
16.4132	1.52671e+09	3.14159	446.549	0.321625	
16.4268	1.52671e+09	3.14159	445.562	0.336522	
16.4397	1.52671e+09	3.14159	444.374	0.269904	
16.453	1.52671e+09	3.14159	446.787	0.293066	
16.4667	1.52671e+09	3.14159	443.682	0.227659	
16.4796	1.52671e+09	3.14159	442.848	0.302931	
16.4929	1.52671e+09	3.14159	442.631	0.344227	
16.5066	1.52671e+09	3.14159	441.243	0.259675	
16.5197	1.52671e+09	3.14159	441.217	0.282319	
16.5332	1.52671e+09	3.14159	440.197	0.256056	
16.5466	1.52671e+09	3.14159	440.885	0.250754	
16.5597	1.52671e+09	3.14159	438.788	0.303711	
16.5741	1.52671e+09	3.14159	438.159	0.345364	
16.5865	1.52671e+09	3.14159	438.445	0.257923	
16.5997	1.52671e+09	3.14159	437.594	0.293813	
16.613	1.52671e+09	3.14159	436.708	0.346293	
16.6807	1.52671e+09	3.14159	433.17	0.272572	
16.7063	1.52671e+09	3.14159	431.248	0.332321	
16.7197	1.52671e+09	3.14159	430.959	0.320191	
16.7333	1.52671e+09	3.14159	430.313	0.294519	
16.747	1.52671e+09	3.14159	429.458	0.297906	
16.7597	1.52671e+09	3.14159	430.879	0.212523	
16.773	1.52671e+09	3.14159	428.664	0.25646	
16.7868	1.52671e+09	3.14159	429.511	0.326322	
16.9064	1.52671e+09	3.14159	420.725	1.63481	
16.9469	1.52671e+09	3.14159	419.199	0.16473	
16.9598	1.52671e+09	3.14159	421.1	0.245785	
16.9735	1.52671e+09	3.14159	418.064	0.269058	
16.9868	1.52671e+09	3.14159	417.351	0.356627	
16.9997	1.52671e+09	3.14159	420.146	0.439014	
17.0133	1.52671e+09	3.14159	415.957	0.480747	
17.0265	1.52671e+09	3.14159	415.387	0.177501	
17.2131	1.52671e+09	3.14159	406.101	0.259762	
17.2265	1.52671e+09	3.14159	415.365	0.257463	
17.2399	1.52671e+09	3.14159	403.48	0.357939	
17.3865	1.52671e+09	3.14159	395.788	0.949237	
17.3997	1.52671e+09	3.14159	396.503	1.11598	
17.4131	1.52671e+09	3.14159	392.603	0.565613	
17.427	1.52671e+09	3.14159	392.565	0.250566	
17.4399	1.52671e+09	3.14159	392.065	0.309417	
17.7731	1.52671e+09	3.14159	371.674	0.307726	
17.7865	1.52671e+09	3.14159	370.443	0.265467	
17.8004	1.52671e+09	3.14159	368.791	0.291378	
17.8143	1.52671e+09	3.14159	369.087	0.26535	
17.8264	1.52671e+09	3.14159	368.12	0.300523	
17.8398	1.52671e+09	3.14159	367.054	0.338861	
17.8533	1.52671e+09	3.14159	366.664	0.318949	
17.8667	1.52671e+09	3.14159	367.212	0.271772	
18.0933	1.52671e+09	3.14159	351.869	0.297233	
18.1065	1.52671e+09	3.14159	352.766	0.212784	
18.12	1.52671e+09	3.14159	349.455	0.358726	
18.1333	1.52671e+09	3.14159	348.959	0.37633	
18.2797	1.52671e+09	3.14159	339.835	0.208837	
18.2933	1.52671e+09	3.14159	338.816	0.262511	
18.3071	1.52671e+09	3.14159	337.649	0.277627	
18.3198	1.52671e+09	3.14159	336.836	0.394424	
18.3873	1.52671e+09	3.14159	332.47	0.414128	
18.4004	1.52671e+09	3.14159	331.847	0.187993	
18.4132	1.52671e+09	3.14159	331.472	0.278811	
18.427	1.52671e+09	3.14159	331.138	0.290624	
18.6406	1.52671e+09	3.14159	316.812	0.358675	
18.6539	1.52671e+09	3.14159	315.569	0.424647	
18.6667	1.52671e+09	3.14159	314.227	0.42877	
18.6801	1.52671e+09	3.14159	314.037	0.148156	
18.6931	1.52671e+09	3.14159	313.288	0.272042	
18.707	1.52671e+09	3.14159	312.437	0.346615	
18.8534	1.52671e+09	3.14159	302.565	0.262684	
18.8669	1.52671e+09	3.14159	304.381	0.322514	
18.8805	1.52671e+09	3.14159	301.09	0.266326	
18.9463	1.52671e+09	3.14159	296.635	2.66149	
19.0014	1.52671e+09	3.14159	291.582	0.784806	
19.0131	1.52671e+09	3.14159	291.29	0.294065	
19.0934	1.52671e+09	3.14159	285.541	0.407084	
19.1064	1.52671e+09	3.14159	285.045	0.221391	
19.12	1.52671e+09	3.14159	283.946	0.298105	
19.2265	1.52671e+09	3.14159	276.729	0.259285	
19.2397	1.52671e+09	3.14159	275.784	0.271134	
19.2531	1.52671e+09	3.14159	274.738	0.347082	
19.2807	1.52671e+09	3.14159	272.996	0.334081	
19.2943	1.52671e+09	3.14159	272.098	0.284018	
19.3069	1.52671e+09	3.14159	271.666	0.262473	
19.3202	1.52671e+09	3.14159	270.393	0.282273	
19.4131	1.52671e+09	3.14159	263.524	0.66303	
19.4265	1.52671e+09	3.14159	262.817	0.267171	
19.44	1.52671e+09	3.14159	262.335	0.398603	
19.4533	1.52671e+09	3.14159	262.467	0.221368	
19.4667	1.52671e+09	3.14159	260.192	0.264416	
19.4797	1.52671e+09	3.14159	258.734	0.324282	
19.493	1.52671e+09	3.14159	257.938	0.195337	
19.5466	1.52671e+09	3.14159	253.93	0.33327	
19.56	1.52671e+09	3.14159	253.497	0.234694	
19.6799	1.52671e+09	3.14159	244.052	0.285038	
19.6931	1.52671e+09	3.14159	243.385	0.34676	
19.7069	1.52671e+09	3.14159	241.939	0.344871	
19.7198	1.52671e+09	3.14159	241.266	0.240942	
19.7338	1.52671e+09	3.14159	240.082	0.348875	
19.7466	1.52671e+09	3.14159	238.866	0.43855	
19.8531	1.52671e+09	3.14159	230.809	0.444844	
19.8668	1.52671e+09	3.14159	230.202	0.222308	
19.8797	1.52671e+09	3.14159	229.185	0.24858	
19.8936	1.52671e+09	3.14159	227.873	0.380832	
19.9063	1.52671e+09	3.14159	226.934	0.479349	
19.9196	1.52671e+09	3.14159	225.951	0.290285	
19.9331	1.52671e+09	3.14159	225.032	0.193498	
19.9466	1.52671e+09	3.14159	223.928	0.346036	
19.9596	1.52671e+09	3.14159	222.772	0.436157	
