idx timestamp pi t2 t1+t3
0	1.52509e+09	3.14159	3.42674	0.211958	
0.0166667	1.52509e+09	3.14159	6.8755	0.167275	
0.0333333	1.52509e+09	3.14159	9.98351	0.110396	
0.05	1.52509e+09	3.14159	12.6917	0.140519	
0.0666667	1.52509e+09	3.14159	15.709	0.0834465	
0.0833333	1.52509e+09	3.14159	19.0117	0.116342	
0.1	1.52509e+09	3.14159	22.0396	0.0966256	
0.116667	1.52509e+09	3.14159	24.9475	0.0999947	
0.133333	1.52509e+09	3.14159	27.8477	0.158151	
0.15	1.52509e+09	3.14159	30.9836	0.114445	
0.166667	1.52509e+09	3.14159	34.0755	0.0883031	
0.183333	1.52509e+09	3.14159	36.9237	0.126139	
0.2	1.52509e+09	3.14159	40.1357	0.110898	
0.216667	1.52509e+09	3.14159	43.3437	0.133855	
0.233333	1.52509e+09	3.14159	46.0964	0.1113	
0.25	1.52509e+09	3.14159	49.4036	0.162886	
0.266667	1.52509e+09	3.14159	52.2329	0.237063	
0.283333	1.52509e+09	3.14159	55.2837	0.178754	
0.3	1.52509e+09	3.14159	58.6237	0.223304	
0.316667	1.52509e+09	3.14159	61.4277	0.125365	
0.333333	1.52509e+09	3.14159	64.5637	0.176392	
0.35	1.52509e+09	3.14159	67.7757	0.162175	
0.366667	1.52509e+09	3.14159	71.8157	0.10889	
0.383333	1.52509e+09	3.14159	73.8346	0.105857	
0.4	1.52509e+09	3.14159	76.8917	0.138013	
0.416667	1.52509e+09	3.14159	79.6517	0.171011	
0.433333	1.52509e+09	3.14159	83.6116	0.140175	
0.45	1.52509e+09	3.14159	86.3717	0.144823	
0.466667	1.52509e+09	3.14159	89.4157	0.123574	
0.483333	1.52509e+09	3.14159	92.8757	0.141934	
0.5	1.52509e+09	3.14159	95.7996	0.218378	
0.516667	1.52509e+09	3.14159	98.7876	0.218905	
0.533333	1.52509e+09	3.14159	101.888	0.148396	
0.55	1.52509e+09	3.14159	106.42	0.139995	
0.566667	1.52509e+09	3.14159	107.972	0.124825	
0.583333	1.52509e+09	3.14159	111.172	0.111783	
0.6	1.52509e+09	3.14159	115.264	0.239619	
0.616667	1.52509e+09	3.14159	117.42	0.156876	
0.633333	1.52509e+09	3.14159	120.1	0.132416	
0.65	1.52509e+09	3.14159	123.792	0.183919	
0.666667	1.52509e+09	3.14159	126.48	0.181082	
0.683333	1.52509e+09	3.14159	129.456	0.211329	
0.7	1.52509e+09	3.14159	134.376	0.123214	
0.716667	1.52509e+09	3.14159	135.791	0.168779	
0.733333	1.52509e+09	3.14159	155.604	0.113726	
0.75	1.52509e+09	3.14159	142.57	0.184927	
0.766667	1.52509e+09	3.14159	146	0.152587	
0.783333	1.52509e+09	3.14159	148.956	0.121051	
0.8	1.52509e+09	3.14159	151.416	0.22376	
0.816667	1.52509e+09	3.14159	154.916	0.128826	
0.833333	1.52509e+09	3.14159	157.344	0.107852	
0.85	1.52509e+09	3.14159	159.936	0.137485	
0.866667	1.52509e+09	3.14159	163.396	0.212863	
0.883333	1.52509e+09	3.14159	166.344	0.147037	
0.9	1.52509e+09	3.14159	169.668	0.23559	
0.916667	1.52509e+09	3.14159	175.692	0.193995	
0.933333	1.52509e+09	3.14159	176.296	0.228703	
0.95	1.52509e+09	3.14159	178.463	0.224806	
0.966667	1.52509e+09	3.14159	182.5	0.207863	
0.983333	1.52509e+09	3.14159	186.543	0.171536	
1	1.52509e+09	3.14159	189.328	0.136731	
1.01667	1.52509e+09	3.14159	191.564	0.199646	
1.03333	1.52509e+09	3.14159	194.952	0.156282	
1.05	1.52509e+09	3.14159	197.968	0.157248	
1.06667	1.52509e+09	3.14159	201.612	0.187817	
1.08333	1.52509e+09	3.14159	207.348	0.144378	
1.1	1.52509e+09	3.14159	207.412	0.168368	
1.11667	1.52509e+09	3.14159	211.052	0.238936	
1.13333	1.52509e+09	3.14159	217.512	0.255206	
1.15	1.52509e+09	3.14159	217.436	0.251142	
1.16667	1.52509e+09	3.14159	220.537	0.233382	
1.18333	1.52509e+09	3.14159	223.395	0.176219	
1.2	1.52509e+09	3.14159	225.485	0.175417	
1.21667	1.52509e+09	3.14159	228.718	0.23823	
1.23333	1.52509e+09	3.14159	234.372	0.217337	
1.25	1.52509e+09	3.14159	235.628	0.124668	
1.26667	1.52509e+09	3.14159	241.604	0.202795	
1.28333	1.52509e+09	3.14159	243.532	0.254418	
1.3	1.52509e+09	3.14159	245.492	0.167951	
1.31667	1.52509e+09	3.14159	248.516	0.132368	
1.33333	1.52509e+09	3.14159	250.528	0.123947	
1.35	1.52509e+09	3.14159	254.306	0.232001	
1.36667	1.52509e+09	3.14159	257.758	0.164594	
1.38333	1.52509e+09	3.14159	259.004	0.110162	
1.4	1.52509e+09	3.14159	264.256	0.167545	
1.41667	1.52509e+09	3.14159	269.677	0.144921	
1.43333	1.52509e+09	3.14159	270.248	0.263442	
1.45	1.52509e+09	3.14159	273.892	0.194376	
1.46667	1.52509e+09	3.14159	275.232	0.243613	
1.48333	1.52509e+09	3.14159	278.585	0.134157	
1.5	1.52509e+09	3.14159	282.648	0.260469	
1.51667	1.52509e+09	3.14159	287.076	0.495513	
1.53333	1.52509e+09	3.14159	292.016	1.38242	
1.55	1.52509e+09	3.14159	294.188	0.617088	
1.56667	1.52509e+09	3.14159	294.668	0.137989	
1.58333	1.52509e+09	3.14159	296.304	0.149977	
1.6	1.52509e+09	3.14159	301.487	0.157001	
1.61667	1.52509e+09	3.14159	303.184	0.170346	
1.63333	1.52509e+09	3.14159	309.663	0.171653	
1.65	1.52509e+09	3.14159	307.692	0.226743	
1.66667	1.52509e+09	3.14159	310.156	0.231359	
1.68333	1.52509e+09	3.14159	313.1	0.281802	
1.7	1.52509e+09	3.14159	321.288	0.176646	
1.71667	1.52509e+09	3.14159	318.18	0.267593	
1.73333	1.52509e+09	3.14159	321.021	0.138201	
1.75	1.52509e+09	3.14159	323.756	0.261601	
1.76667	1.52509e+09	3.14159	326.108	0.16443	
1.78333	1.52509e+09	3.14159	328.352	0.16603	
1.8	1.52509e+09	3.14159	333.436	1.8654	
1.81667	1.52509e+09	3.14159	336.318	1.72773	
1.83333	1.52509e+09	3.14159	336.975	0.800828	
1.85	1.52509e+09	3.14159	337.834	0.152307	
1.86667	1.52509e+09	3.14159	339.115	0.226613	
1.88333	1.52509e+09	3.14159	341.504	0.222276	
1.9	1.52509e+09	3.14159	343.852	0.202334	
1.91667	1.52509e+09	3.14159	345.62	0.258406	
1.93333	1.52509e+09	3.14159	350.368	0.188073	
1.95	1.52509e+09	3.14159	350.606	0.215774	
1.96667	1.52509e+09	3.14159	351.985	0.139962	
1.98333	1.52509e+09	3.14159	381.691	0.214807	
2	1.52509e+09	3.14159	356.568	0.176398	
2.01667	1.52509e+09	3.14159	357.872	0.202131	
2.03333	1.52509e+09	3.14159	360.185	0.17842	
2.05	1.52509e+09	3.14159	362.874	0.164866	
2.06667	1.52509e+09	3.14159	366.988	0.180393	
2.08333	1.52509e+09	3.14159	366.004	0.152416	
2.1	1.52509e+09	3.14159	368.28	0.173647	
2.11667	1.52509e+09	3.14159	370.028	0.141459	
2.13333	1.52509e+09	3.14159	373.395	0.149769	
2.15	1.52509e+09	3.14159	372.652	0.270573	
2.16667	1.52509e+09	3.14159	375	0.151063	
2.18333	1.52509e+09	3.14159	377.26	0.231088	
2.2	1.52509e+09	3.14159	378.696	0.134842	
2.21667	1.52509e+09	3.14159	380.768	0.277232	
2.23333	1.52509e+09	3.14159	382.032	0.165276	
2.25	1.52509e+09	3.14159	393.996	0.211421	
2.26667	1.52509e+09	3.14159	386.536	0.179642	
2.28333	1.52509e+09	3.14159	386.732	0.22227	
2.3	1.52509e+09	3.14159	388.612	0.30818	
2.31667	1.52509e+09	3.14159	390.668	0.203291	
2.33333	1.52509e+09	3.14159	392.265	0.286842	
2.35	1.52509e+09	3.14159	393.404	0.304521	
2.36667	1.52509e+09	3.14159	395.164	0.291889	
2.38333	1.52509e+09	3.14159	397.512	0.221601	
2.4	1.52509e+09	3.14159	398.387	0.301049	
2.41667	1.52509e+09	3.14159	417.68	0.273235	
2.43333	1.52509e+09	3.14159	401.464	0.200181	
2.45	1.52509e+09	3.14159	403.153	0.164083	
2.46667	1.52509e+09	3.14159	404.86	0.244545	
2.48333	1.52509e+09	3.14159	405.909	0.18838	
2.5	1.52509e+09	3.14159	407.044	0.171359	
2.51667	1.52509e+09	3.14159	408.86	0.189914	
2.53333	1.52509e+09	3.14159	410.064	0.156063	
2.55	1.52509e+09	3.14159	410.884	0.215875	
2.56667	1.52509e+09	3.14159	413.891	0.221087	
2.58333	1.52509e+09	3.14159	417.356	0.235467	
2.6	1.52509e+09	3.14159	415.904	0.179572	
2.61667	1.52509e+09	3.14159	416.504	0.183817	
2.63333	1.52509e+09	3.14159	417.8	0.235644	
2.65	1.52509e+09	3.14159	422.216	0.200267	
2.66667	1.52509e+09	3.14159	421.677	0.220298	
2.68333	1.52509e+09	3.14159	422.288	0.18795	
2.7	1.52509e+09	3.14159	422.656	0.224164	
2.71667	1.52509e+09	3.14159	423.708	0.22027	
2.73333	1.52509e+09	3.14159	427.464	0.281924	
2.75	1.52509e+09	3.14159	426.464	0.263781	
2.76667	1.52509e+09	3.14159	427.944	0.208666	
2.78333	1.52509e+09	3.14159	428.876	0.20056	
2.8	1.52509e+09	3.14159	431.752	0.267282	
2.81667	1.52509e+09	3.14159	431.864	0.199217	
2.83333	1.52509e+09	3.14159	434.72	0.336811	
2.85	1.52509e+09	3.14159	433.736	0.308422	
2.86667	1.52509e+09	3.14159	435.876	0.193803	
2.88333	1.52509e+09	3.14159	437.347	0.181206	
2.9	1.52509e+09	3.14159	437.048	0.2511	
2.91667	1.52509e+09	3.14159	437.871	0.213593	
2.93333	1.52509e+09	3.14159	439.643	0.263443	
2.95	1.52509e+09	3.14159	439.752	0.239972	
2.96667	1.52509e+09	3.14159	442.372	0.160543	
2.98333	1.52509e+09	3.14159	445.972	0.355442	
3	1.52509e+09	3.14159	443.264	0.211456	
3.01667	1.52509e+09	3.14159	442.75	0.284614	
3.03333	1.52509e+09	3.14159	444.939	0.200057	
3.05	1.52509e+09	3.14159	446.051	0.264906	
3.06667	1.52509e+09	3.14159	447.72	0.317493	
3.08333	1.52509e+09	3.14159	449.137	0.208351	
3.1	1.52509e+09	3.14159	449.104	0.253559	
3.11667	1.52509e+09	3.14159	451.396	0.256346	
3.13333	1.52509e+09	3.14159	450.896	0.263244	
3.15	1.52509e+09	3.14159	455.988	0.119604	
3.16667	1.52509e+09	3.14159	452.856	0.233648	
3.18333	1.52509e+09	3.14159	454.884	0.339487	
3.2	1.52509e+09	3.14159	454.565	0.24373	
3.21667	1.52509e+09	3.14159	455.804	0.171363	
3.23333	1.52509e+09	3.14159	456.084	0.288226	
3.25	1.52509e+09	3.14159	456.949	0.234495	
3.26667	1.52509e+09	3.14159	457.628	0.360609	
3.28333	1.52509e+09	3.14159	458.588	0.212083	
3.3	1.52509e+09	3.14159	487.15	0.387241	
3.31667	1.52509e+09	3.14159	460.692	0.235625	
3.33333	1.52509e+09	3.14159	460.677	0.275198	
3.35	1.52509e+09	3.14159	461.972	0.202852	
3.36667	1.52509e+09	3.14159	462.84	0.22018	
3.38333	1.52509e+09	3.14159	463.842	0.182775	
3.4	1.52509e+09	3.14159	464.696	0.24336	
3.41667	1.52509e+09	3.14159	467.132	0.294723	
3.43333	1.52509e+09	3.14159	466.164	0.262826	
3.45	1.52509e+09	3.14159	466.576	0.285472	
3.46667	1.52509e+09	3.14159	467.56	0.291971	
3.48333	1.52509e+09	3.14159	467.364	0.261354	
3.5	1.52509e+09	3.14159	469.336	0.283617	
3.51667	1.52509e+09	3.14159	468.356	0.240301	
3.53333	1.52509e+09	3.14159	471.512	0.378856	
3.55	1.52509e+09	3.14159	470.852	0.148608	
3.56667	1.52509e+09	3.14159	490.847	0.281313	
3.58333	1.52509e+09	3.14159	472.828	0.206457	
3.6	1.52509e+09	3.14159	473.188	0.220535	
3.61667	1.52509e+09	3.14159	473.233	0.317791	
3.63333	1.52509e+09	3.14159	473.92	0.240234	
3.65	1.52509e+09	3.14159	475.088	0.354834	
3.66667	1.52509e+09	3.14159	476.152	0.230603	
3.68333	1.52509e+09	3.14159	476.968	0.228696	
3.7	1.52509e+09	3.14159	478.024	0.170213	
3.71667	1.52509e+09	3.14159	477.66	0.22807	
3.73333	1.52509e+09	3.14159	479.994	0.133467	
3.75	1.52509e+09	3.14159	478.881	0.246471	
3.76667	1.52509e+09	3.14159	478.956	0.170262	
3.78333	1.52509e+09	3.14159	479.932	0.253208	
3.8	1.52509e+09	3.14159	512.92	0.220347	
3.81667	1.52509e+09	3.14159	484.926	0.389616	
3.83333	1.52509e+09	3.14159	482.64	0.331671	
3.85	1.52509e+09	3.14159	482.977	0.337367	
3.86667	1.52509e+09	3.14159	483.136	0.292635	
3.88333	1.52509e+09	3.14159	483.666	0.23702	
3.9	1.52509e+09	3.14159	482.603	0.301108	
3.91667	1.52509e+09	3.14159	485.292	0.194938	
3.93333	1.52509e+09	3.14159	486.457	0.230904	
3.95	1.52509e+09	3.14159	487.68	0.232176	
3.96667	1.52509e+09	3.14159	486.925	0.291863	
3.98333	1.52509e+09	3.14159	486.836	0.170921	
4	1.52509e+09	3.14159	486.863	0.190023	
4.01667	1.52509e+09	3.14159	491.196	0.237041	
4.03333	1.52509e+09	3.14159	493.704	0.355412	
4.05	1.52509e+09	3.14159	488.096	0.318645	
4.06667	1.52509e+09	3.14159	490.485	0.215755	
4.08333	1.52509e+09	3.14159	489.797	0.315678	
4.1	1.52509e+09	3.14159	493.775	0.291251	
4.11667	1.52509e+09	3.14159	491.016	0.157472	
4.13333	1.52509e+09	3.14159	491.722	0.350297	
4.15	1.52509e+09	3.14159	495.859	0.328954	
4.16667	1.52509e+09	3.14159	496.896	0.155907	
4.18333	1.52509e+09	3.14159	492.876	0.392472	
4.2	1.52509e+09	3.14159	492.796	0.380839	
4.21667	1.52509e+09	3.14159	494.212	0.269427	
4.23333	1.52509e+09	3.14159	493.88	0.431832	
4.25	1.52509e+09	3.14159	497.1	0.39651	
4.26667	1.52509e+09	3.14159	495.467	0.314231	
4.28333	1.52509e+09	3.14159	495.612	0.199377	
4.3	1.52509e+09	3.14159	497.029	0.454627	
4.31667	1.52509e+09	3.14159	496.068	0.418204	
4.33333	1.52509e+09	3.14159	495.218	0.251242	
4.35	1.52509e+09	3.14159	496.897	0.157816	
4.36667	1.52509e+09	3.14159	513.92	0.347862	
4.38333	1.52509e+09	3.14159	497.003	0.380294	
4.4	1.52509e+09	3.14159	502.342	0.31162	
4.41667	1.52509e+09	3.14159	501.406	0.247107	
4.43333	1.52509e+09	3.14159	500.185	0.451687	
4.45	1.52509e+09	3.14159	499.229	0.406987	
4.46667	1.52509e+09	3.14159	499.46	0.179909	
4.48333	1.52509e+09	3.14159	499.412	0.271384	
4.5	1.52509e+09	3.14159	502.649	0.393167	
4.51667	1.52509e+09	3.14159	501.641	0.407848	
4.53333	1.52509e+09	3.14159	500.789	0.259015	
4.55	1.52509e+09	3.14159	502.292	0.256441	
4.56667	1.52509e+09	3.14159	501.912	0.211698	
4.58333	1.52509e+09	3.14159	502.629	0.225542	
4.6	1.52509e+09	3.14159	501.458	0.384378	
4.61667	1.52509e+09	3.14159	502.761	0.286677	
4.63333	1.52509e+09	3.14159	501.932	0.322118	
4.65	1.52509e+09	3.14159	505.816	0.254102	
4.66667	1.52509e+09	3.14159	503.596	0.204318	
4.68333	1.52509e+09	3.14159	504.356	0.422978	
4.7	1.52509e+09	3.14159	504.436	0.367745	
4.71667	1.52509e+09	3.14159	503.84	0.302624	
4.73333	1.52509e+09	3.14159	503.649	0.3886	
4.75	1.52509e+09	3.14159	503.977	0.394875	
4.76667	1.52509e+09	3.14159	506.135	0.405611	
4.78333	1.52509e+09	3.14159	511.544	0.294214	
4.8	1.52509e+09	3.14159	506.819	0.24192	
4.81667	1.52509e+09	3.14159	504.396	0.151929	
4.83333	1.52509e+09	3.14159	507.092	0.302931	
4.85	1.52509e+09	3.14159	506	0.366341	
4.86667	1.52509e+09	3.14159	507.805	0.300606	
4.88333	1.52509e+09	3.14159	508.464	0.289897	
4.9	1.52509e+09	3.14159	508.125	0.231711	
4.91667	1.52509e+09	3.14159	507.208	0.257533	
4.93333	1.52509e+09	3.14159	507.157	0.24391	
4.95	1.52509e+09	3.14159	526.089	0.183655	
4.96667	1.52509e+09	3.14159	508.44	0.319665	
4.98333	1.52509e+09	3.14159	507.536	0.252599	
5	1.52509e+09	3.14159	510.316	0.448576	
5.01667	1.52509e+09	3.14159	513.034	0.435044	
5.03333	1.52509e+09	3.14159	509.448	0.412782	
5.05	1.52509e+09	3.14159	511.018	0.432756	
5.06667	1.52509e+09	3.14159	513.065	0.580996	
5.08333	1.52509e+09	3.14159	509.78	0.490921	
5.1	1.52509e+09	3.14159	510.025	0.475116	
5.11667	1.52509e+09	3.14159	513.893	0.418615	
5.13333	1.52509e+09	3.14159	509.499	0.3438	
5.15	1.52509e+09	3.14159	510.708	0.271374	
5.16667	1.52509e+09	3.14159	511.976	0.21567	
5.18333	1.52509e+09	3.14159	511.029	0.156801	
5.2	1.52509e+09	3.14159	511.071	0.219313	
5.21667	1.52509e+09	3.14159	510.296	0.277965	
5.23333	1.52509e+09	3.14159	511.056	0.353092	
5.25	1.52509e+09	3.14159	511.064	0.366105	
5.26667	1.52509e+09	3.14159	510.772	0.383907	
5.28333	1.52509e+09	3.14159	509.732	0.429329	
5.3	1.52509e+09	3.14159	510.036	0.482148	
5.31667	1.52509e+09	3.14159	511.14	0.489444	
5.33333	1.52509e+09	3.14159	512.16	0.632652	
5.35	1.52509e+09	3.14159	512.496	0.546644	
5.36667	1.52509e+09	3.14159	512.489	0.577123	
5.38333	1.52509e+09	3.14159	510.832	0.519645	
5.4	1.52509e+09	3.14159	511.952	0.62413	
5.41667	1.52509e+09	3.14159	513.362	0.506685	
5.43333	1.52509e+09	3.14159	511.276	0.523319	
5.45	1.52509e+09	3.14159	513.875	0.497793	
5.46667	1.52509e+09	3.14159	515.929	0.641079	
5.48333	1.52509e+09	3.14159	513.836	0.611657	
5.5	1.52509e+09	3.14159	514.762	0.536097	
5.51667	1.52509e+09	3.14159	517.721	0.545511	
5.53333	1.52509e+09	3.14159	514.293	0.625984	
5.55	1.52509e+09	3.14159	515.033	1.2566	
5.56667	1.52509e+09	3.14159	513.823	1.4436	
5.58333	1.52509e+09	3.14159	513.409	0.83991	
5.6	1.52509e+09	3.14159	517.02	0.408191	
5.61667	1.52509e+09	3.14159	513.948	0.433863	
5.63333	1.52509e+09	3.14159	527.229	0.220178	
5.65	1.52509e+09	3.14159	514.24	0.363821	
5.66667	1.52509e+09	3.14159	513.888	0.437327	
5.68333	1.52509e+09	3.14159	513.316	0.471852	
5.7	1.52509e+09	3.14159	513.376	0.484534	
5.71667	1.52509e+09	3.14159	515.096	0.455531	
5.73333	1.52509e+09	3.14159	512.923	0.456121	
5.75	1.52509e+09	3.14159	552.084	0.409013	
5.76667	1.52509e+09	3.14159	516.293	0.405759	
5.78333	1.52509e+09	3.14159	514.907	0.791144	
5.8	1.52509e+09	3.14159	515.437	0.633311	
5.81667	1.52509e+09	3.14159	514.578	0.475437	
5.83333	1.52509e+09	3.14159	519.119	0.296234	
5.85	1.52509e+09	3.14159	516.488	2.31977	
5.86667	1.52509e+09	3.14159	516.031	1.79849	
5.88333	1.52509e+09	3.14159	518.435	1.69942	
5.9	1.52509e+09	3.14159	516.181	0.816567	
5.91667	1.52509e+09	3.14159	516.623	0.819387	
5.93333	1.52509e+09	3.14159	515.483	0.69726	
5.95	1.52509e+09	3.14159	516.725	0.440229	
5.96667	1.52509e+09	3.14159	516.175	0.325352	
5.98333	1.52509e+09	3.14159	514.693	0.484018	
6	1.52509e+09	3.14159	514.84	0.483436	
6.01667	1.52509e+09	3.14159	515.12	0.247702	
6.03333	1.52509e+09	3.14159	515.67	0.627285	
6.05	1.52509e+09	3.14159	514.319	0.967556	
6.13333	1.52509e+09	3.14159	527.004	0.619443	
6.31667	1.52509e+09	3.14159	515.428	0.479659	
6.35	1.52509e+09	3.14159	516.065	0.428431	
6.4	1.52509e+09	3.14159	514.487	0.305504	
6.48333	1.52509e+09	3.14159	517.76	0.367528	
6.53333	1.52509e+09	3.14159	515.488	0.276797	
6.55	1.52509e+09	3.14159	515.328	0.337035	
6.56667	1.52509e+09	3.14159	515.592	0.378889	
6.76667	1.52509e+09	3.14159	514.972	0.306038	
6.78333	1.52509e+09	3.14159	514.808	0.329756	
6.8	1.52509e+09	3.14159	514.462	0.466022	
6.81667	1.52509e+09	3.14159	514.672	0.507552	
6.83333	1.52509e+09	3.14159	522.328	0.531334	
7.06667	1.52509e+09	3.14159	516.171	0.30778	
7.08333	1.52509e+09	3.14159	516.361	0.327397	
7.1	1.52509e+09	3.14159	523.959	0.395869	
7.13333	1.52509e+09	3.14159	516.299	0.216187	
7.16667	1.52509e+09	3.14159	515.245	0.3432	
7.4	1.52509e+09	3.14159	514.361	0.286086	
7.41667	1.52509e+09	3.14159	515.008	0.360286	
7.43333	1.52509e+09	3.14159	516.295	0.453507	
7.46667	1.52509e+09	3.14159	521.449	0.305201	
7.5	1.52509e+09	3.14159	515.892	0.246945	
7.51667	1.52509e+09	3.14159	515.917	0.298737	
7.58333	1.52509e+09	3.14159	515.052	0.295964	
7.68333	1.52509e+09	3.14159	521.856	0.378404	
7.71667	1.52509e+09	3.14159	516.283	0.284771	
7.78333	1.52509e+09	3.14159	516.868	0.243757	
7.81667	1.52509e+09	3.14159	518.683	0.359657	
7.86667	1.52509e+09	3.14159	514.837	0.203692	
7.98333	1.52509e+09	3.14159	527.092	0.48258	
8.01667	1.52509e+09	3.14159	514.313	0.295167	
8.03333	1.52509e+09	3.14159	514.032	0.64296	
8.05	1.52509e+09	3.14159	515.595	0.28778	
8.08333	1.52509e+09	3.14159	515.128	0.38882	
8.25	1.52509e+09	3.14159	534.139	0.396168	
8.3	1.52509e+09	3.14159	516.456	0.292614	
8.31667	1.52509e+09	3.14159	514.952	0.367296	
8.33333	1.52509e+09	3.14159	514.688	0.470343	
8.35	1.52509e+09	3.14159	514.64	0.580785	
8.36667	1.52509e+09	3.14159	514.322	0.6518	
8.38333	1.52509e+09	3.14159	515.769	0.544708	
8.41667	1.52509e+09	3.14159	520.768	0.188519	
8.56667	1.52509e+09	3.14159	516.46	0.209472	
8.61667	1.52509e+09	3.14159	514.624	0.207341	
8.65	1.52509e+09	3.14159	515.32	0.320615	
8.73333	1.52509e+09	3.14159	515.46	0.385494	
8.78333	1.52509e+09	3.14159	515.537	0.267822	
8.81667	1.52509e+09	3.14159	514.582	0.321147	
8.83333	1.52509e+09	3.14159	515.448	0.455232	
8.85	1.52509e+09	3.14159	515.754	0.632014	
8.86667	1.52509e+09	3.14159	516.399	0.735891	
8.91667	1.52509e+09	3.14159	515.08	0.419117	
8.93333	1.52509e+09	3.14159	517.959	0.480155	
8.95	1.52509e+09	3.14159	514.189	0.540645	
9.13333	1.52509e+09	3.14159	515.94	0.403517	
9.15	1.52509e+09	3.14159	517.404	0.417807	
9.2	1.52509e+09	3.14159	518.824	0.255548	
9.21667	1.52509e+09	3.14159	513.324	0.322581	
9.23333	1.52509e+09	3.14159	515.88	0.375069	
9.28333	1.52509e+09	3.14159	513.87	0.240137	
9.33333	1.52509e+09	3.14159	514.936	0.315545	
9.36667	1.52509e+09	3.14159	515.176	0.264932	
9.38333	1.52509e+09	3.14159	514.312	0.332575	
9.4	1.52509e+09	3.14159	515.548	0.320267	
9.45	1.52509e+09	3.14159	514.387	0.181323	
9.55	1.52509e+09	3.14159	515.3	0.371289	
9.56667	1.52509e+09	3.14159	515.544	0.411535	
9.6	1.52509e+09	3.14159	514.593	0.30561	
9.61667	1.52509e+09	3.14159	514.789	0.286388	
9.7	1.52509e+09	3.14159	514.744	0.364594	
9.71667	1.52509e+09	3.14159	515.624	0.400655	
9.73333	1.52509e+09	3.14159	516.232	0.208039	
9.75	1.52509e+09	3.14159	516.681	0.318807	
9.76667	1.52509e+09	3.14159	517.499	0.691777	
9.78333	1.52509e+09	3.14159	518.322	0.923077	
9.8	1.52509e+09	3.14159	517.742	0.502551	
9.88333	1.52509e+09	3.14159	514.408	0.295589	
9.93333	1.52509e+09	3.14159	513.18	0.284036	
10.0167	1.52509e+09	3.14159	514.652	0.271649	
10.05	1.52509e+09	3.14159	516.933	0.315608	
10.0667	1.52509e+09	3.14159	514.012	0.381076	
10.0833	1.52509e+09	3.14159	516.123	0.501466	
10.1333	1.52509e+09	3.14159	516.333	0.283276	
10.1833	1.52509e+09	3.14159	513.921	0.27733	
10.2	1.52509e+09	3.14159	515.436	0.30027	
10.2333	1.52509e+09	3.14159	513.956	0.272208	
10.2667	1.52509e+09	3.14159	514.192	0.434864	
10.3	1.52509e+09	3.14159	515.774	0.183099	
10.35	1.52509e+09	3.14159	515.064	0.271891	
10.4	1.52509e+09	3.14159	514.522	0.341803	
10.4167	1.52509e+09	3.14159	514.484	0.387651	
10.4333	1.52509e+09	3.14159	514.684	0.411907	
10.45	1.52509e+09	3.14159	516.279	0.499588	
10.5	1.52509e+09	3.14159	514.568	0.315959	
10.5333	1.52509e+09	3.14159	515.4	0.350091	
10.5833	1.52509e+09	3.14159	515.064	0.319423	
10.6167	1.52509e+09	3.14159	514.348	0.455686	
10.65	1.52509e+09	3.14159	520.672	0.174778	
10.6833	1.52509e+09	3.14159	515.586	0.315869	
10.7167	1.52509e+09	3.14159	514.586	0.337461	
10.75	1.52509e+09	3.14159	515.876	0.19374	
10.7667	1.52509e+09	3.14159	515.661	0.337117	
10.7833	1.52509e+09	3.14159	514.652	0.339885	
10.8167	1.52509e+09	3.14159	514.572	0.3874	
10.8333	1.52509e+09	3.14159	513.381	0.435872	
10.85	1.52509e+09	3.14159	515.828	0.327432	
10.9	1.52509e+09	3.14159	514.816	0.247666	
10.9333	1.52509e+09	3.14159	514.98	0.359197	
10.9833	1.52509e+09	3.14159	513.528	0.536951	
11.0167	1.52509e+09	3.14159	515.364	0.609004	
11.0667	1.52509e+09	3.14159	515.572	0.219787	
11.0833	1.52509e+09	3.14159	513.748	0.26412	
11.1	1.52509e+09	3.14159	521.693	0.399754	
11.15	1.52509e+09	3.14159	514.932	0.208097	
11.2167	1.52509e+09	3.14159	516.09	0.345106	
11.2333	1.52509e+09	3.14159	515.03	0.405555	
11.25	1.52509e+09	3.14159	514.035	0.41759	
11.3	1.52509e+09	3.14159	513.72	0.227199	
11.3333	1.52509e+09	3.14159	514.296	0.331445	
11.35	1.52509e+09	3.14159	515.088	0.401877	
11.4	1.52509e+09	3.14159	516.056	0.422943	
11.4167	1.52509e+09	3.14159	515.211	0.735021	
11.4333	1.52509e+09	3.14159	516.615	1.27033	
11.45	1.52509e+09	3.14159	515.905	0.975326	
11.4667	1.52509e+09	3.14159	514.375	1.52325	
11.4833	1.52509e+09	3.14159	514.74	1.23548	
11.5	1.52509e+09	3.14159	514.464	0.511076	
11.5167	1.52509e+09	3.14159	514.584	0.403898	
11.5333	1.52509e+09	3.14159	515.237	0.341434	
11.6333	1.52509e+09	3.14159	515.328	0.523471	
11.6667	1.52509e+09	3.14159	514.33	0.487187	
11.6833	1.52509e+09	3.14159	514.769	0.528342	
11.7	1.52509e+09	3.14159	513.768	0.523196	
11.7167	1.52509e+09	3.14159	517.464	0.428579	
11.7333	1.52509e+09	3.14159	514.236	0.427638	
11.75	1.52509e+09	3.14159	514.406	0.532331	
11.7667	1.52509e+09	3.14159	515.039	0.255814	
11.7833	1.52509e+09	3.14159	515.576	0.471898	
11.8833	1.52509e+09	3.14159	516.172	0.302702	
11.9333	1.52509e+09	3.14159	514.16	0.247637	
11.95	1.52509e+09	3.14159	515.599	0.297673	
11.9667	1.52509e+09	3.14159	517.92	0.335233	
11.9833	1.52509e+09	3.14159	514.507	0.461358	
12	1.52509e+09	3.14159	514.366	0.698121	
12.0167	1.52509e+09	3.14159	516.006	0.421808	
12.0333	1.52509e+09	3.14159	514.325	1.09696	
12.05	1.52509e+09	3.14159	514.179	1.24406	
12.0667	1.52509e+09	3.14159	514.54	0.925694	
12.1	1.52509e+09	3.14159	514.092	0.427195	
12.1167	1.52509e+09	3.14159	518.616	0.324352	
12.2167	1.52509e+09	3.14159	514.6	0.469414	
12.2333	1.52509e+09	3.14159	514.438	0.495984	
12.25	1.52509e+09	3.14159	514.227	0.494957	
12.2667	1.52509e+09	3.14159	514.308	0.704879	
12.2833	1.52509e+09	3.14159	514.515	0.533783	
12.3	1.52509e+09	3.14159	518.24	0.219813	
12.3167	1.52509e+09	3.14159	518.259	0.307821	
12.3333	1.52509e+09	3.14159	512.996	0.509171	
12.35	1.52509e+09	3.14159	514.32	0.236474	
12.3667	1.52509e+09	3.14159	516.888	0.243461	
12.4167	1.52509e+09	3.14159	516.432	0.22631	
12.4333	1.52509e+09	3.14159	514.863	0.676276	
12.4667	1.52509e+09	3.14159	514.948	0.345496	
12.4833	1.52509e+09	3.14159	517.375	0.474188	
12.5	1.52509e+09	3.14159	517.831	0.559796	
12.5167	1.52509e+09	3.14159	513.895	0.788927	
12.5333	1.52509e+09	3.14159	514.016	0.832302	
12.55	1.52509e+09	3.14159	515.7	0.543382	
12.5667	1.52509e+09	3.14159	515.775	0.523089	
12.5833	1.52509e+09	3.14159	514.599	0.6237	
12.6167	1.52509e+09	3.14159	519.831	0.39035	
12.6333	1.52509e+09	3.14159	518.368	0.475636	
12.65	1.52509e+09	3.14159	518.772	0.52949	
12.6833	1.52509e+09	3.14159	530.805	0.342962	
12.7	1.52509e+09	3.14159	514.924	4.82658	
12.7167	1.52509e+09	3.14159	525.448	4.64154	
12.7333	1.52509e+09	3.14159	515.313	3.91753	
12.75	1.52509e+09	3.14159	517.18	3.1528	
12.7667	1.52509e+09	3.14159	530.122	3.02941	
12.7833	1.52509e+09	3.14159	516.531	2.44488	
12.8	1.52509e+09	3.14159	516.322	1.64216	
12.85	1.52509e+09	3.14159	520.58	2.36497	
12.8833	1.52509e+09	3.14159	515.003	1.50314	
12.9333	1.52509e+09	3.14159	517.376	0.341466	
12.95	1.52509e+09	3.14159	518.752	0.405652	
12.9667	1.52509e+09	3.14159	516.509	0.463641	
12.9833	1.52509e+09	3.14159	514.281	0.430783	
13	1.52509e+09	3.14159	514.563	0.433649	
13.0167	1.52509e+09	3.14159	515.792	0.395467	
13.0667	1.52509e+09	3.14159	514.056	0.283953	
13.0833	1.52509e+09	3.14159	514.673	0.376254	
13.1	1.52509e+09	3.14159	516.54	0.451514	
13.1167	1.52509e+09	3.14159	514.584	0.503922	
13.1333	1.52509e+09	3.14159	515.712	0.521033	
13.15	1.52509e+09	3.14159	517.453	0.620359	
13.1667	1.52509e+09	3.14159	517.431	0.69723	
13.1833	1.52509e+09	3.14159	514.249	0.768898	
13.2167	1.52509e+09	3.14159	513.698	0.370123	
13.2333	1.52509e+09	3.14159	518.608	0.398356	
13.2833	1.52509e+09	3.14159	514.58	0.461287	
13.3167	1.52509e+09	3.14159	515.564	0.579173	
13.3333	1.52509e+09	3.14159	516.016	0.192638	
13.35	1.52509e+09	3.14159	514.632	0.91022	
13.3667	1.52509e+09	3.14159	516.342	0.89918	
13.3833	1.52509e+09	3.14159	515.355	0.850742	
13.4	1.52509e+09	3.14159	516.783	0.543166	
13.45	1.52509e+09	3.14159	513.776	0.526606	
13.4667	1.52509e+09	3.14159	514.932	0.583072	
13.4833	1.52509e+09	3.14159	513.895	0.607978	
13.5167	1.52509e+09	3.14159	513.181	0.343557	
13.5333	1.52509e+09	3.14159	514.717	0.511315	
13.5833	1.52509e+09	3.14159	517.677	0.296834	
13.6	1.52509e+09	3.14159	516.128	0.83398	
13.6167	1.52509e+09	3.14159	515.442	0.531689	
13.6333	1.52509e+09	3.14159	514.72	0.253482	
13.65	1.52509e+09	3.14159	519.662	0.390717	
13.6667	1.52509e+09	3.14159	514.52	0.359519	
13.6833	1.52509e+09	3.14159	514.65	0.59993	
13.7	1.52509e+09	3.14159	515.269	0.694681	
13.7167	1.52509e+09	3.14159	515.162	0.897912	
13.7333	1.52509e+09	3.14159	515.272	1.15353	
13.75	1.52509e+09	3.14159	515.591	0.37118	
13.7667	1.52509e+09	3.14159	515.59	0.407575	
13.7833	1.52509e+09	3.14159	515.492	0.431485	
13.8	1.52509e+09	3.14159	515.247	0.827581	
13.8167	1.52509e+09	3.14159	515.062	0.794426	
13.8333	1.52509e+09	3.14159	514.743	1.20061	
13.85	1.52509e+09	3.14159	516.006	0.629703	
13.8667	1.52509e+09	3.14159	519.144	1.01899	
13.8833	1.52509e+09	3.14159	515.55	1.39633	
13.9	1.52509e+09	3.14159	517.13	1.04468	
13.9167	1.52509e+09	3.14159	514.083	0.916609	
13.9333	1.52509e+09	3.14159	516.62	0.878861	
13.95	1.52509e+09	3.14159	516.067	1.25539	
13.9667	1.52509e+09	3.14159	517.381	0.871399	
13.9833	1.52509e+09	3.14159	517.832	2.37952	
14	1.52509e+09	3.14159	514.495	3.37322	
14.0167	1.52509e+09	3.14159	514.403	3.50221	
14.0333	1.52509e+09	3.14159	514.429	2.45798	
14.05	1.52509e+09	3.14159	514.397	1.50189	
14.0667	1.52509e+09	3.14159	513.633	1.30743	
14.0833	1.52509e+09	3.14159	514.321	0.652519	
14.1167	1.52509e+09	3.14159	517.664	0.297224	
14.1333	1.52509e+09	3.14159	514.516	0.309982	
14.15	1.52509e+09	3.14159	514.547	0.55191	
14.1667	1.52509e+09	3.14159	514.275	0.656768	
14.2	1.52509e+09	3.14159	513.648	0.329358	
14.2333	1.52509e+09	3.14159	514.688	0.375223	
14.25	1.52509e+09	3.14159	518.148	0.427082	
14.2667	1.52509e+09	3.14159	517.46	0.455219	
14.2833	1.52509e+09	3.14159	514.744	0.466871	
14.3	1.52509e+09	3.14159	525.012	0.864969	
14.3167	1.52509e+09	3.14159	516.054	0.73933	
14.3333	1.52509e+09	3.14159	514.661	1.16192	
14.3667	1.52509e+09	3.14159	514.985	0.391433	
14.3833	1.52509e+09	3.14159	551.448	0.527655	
14.4	1.52509e+09	3.14159	543.956	0.571735	
14.4167	1.52509e+09	3.14159	518.219	0.675774	
14.4667	1.52509e+09	3.14159	515.488	0.395881	
14.4833	1.52509e+09	3.14159	514.444	0.451265	
14.5	1.52509e+09	3.14159	514.004	0.540055	
14.5167	1.52509e+09	3.14159	515.404	0.597121	
14.5333	1.52509e+09	3.14159	515.257	0.611623	
14.55	1.52509e+09	3.14159	517.147	0.580688	
14.5667	1.52509e+09	3.14159	515.467	0.617235	
14.5833	1.52509e+09	3.14159	513.88	0.92404	
14.6	1.52509e+09	3.14159	515.196	0.88272	
14.6167	1.52509e+09	3.14159	514.597	0.487762	
14.6333	1.52509e+09	3.14159	514.645	0.507004	
14.65	1.52509e+09	3.14159	515.263	0.353051	
14.6667	1.52509e+09	3.14159	516.517	0.320372	
14.6833	1.52509e+09	3.14159	514.084	0.421279	
14.7	1.52509e+09	3.14159	521.596	0.459788	
14.9667	1.52509e+09	3.14159	514.544	0.306991	
14.9833	1.52509e+09	3.14159	513.806	0.419871	
15	1.52509e+09	3.14159	513.402	0.367773	
15.0167	1.52509e+09	3.14159	513.496	0.375869	
15.0333	1.52509e+09	3.14159	514.618	0.417163	
15.15	1.52509e+09	3.14159	515.225	0.486083	
15.1667	1.52509e+09	3.14159	516.125	0.48878	
15.1833	1.52509e+09	3.14159	515.236	0.389532	
15.2333	1.52509e+09	3.14159	514.113	0.262651	
15.3667	1.52509e+09	3.14159	514.288	0.195187	
15.4	1.52509e+09	3.14159	514.72	0.261858	
15.45	1.52509e+09	3.14159	519.392	0.25409	
15.5667	1.52509e+09	3.14159	514.536	0.435811	
15.6167	1.52509e+09	3.14159	514.516	0.231141	
15.6833	1.52509e+09	3.14159	513.853	0.298503	
15.7167	1.52509e+09	3.14159	514.48	0.438186	
15.7667	1.52509e+09	3.14159	516.112	0.371064	
15.85	1.52509e+09	3.14159	514.792	0.354964	
16	1.52509e+09	3.14159	514.086	0.451074	
16.0167	1.52509e+09	3.14159	516.212	0.395438	
16.0333	1.52509e+09	3.14159	515.127	0.986353	
16.1	1.52509e+09	3.14159	515.141	0.479193	
16.15	1.52509e+09	3.14159	514.794	0.257164	
16.1667	1.52509e+09	3.14159	514.448	0.394794	
16.1833	1.52509e+09	3.14159	514.639	0.436963	
16.2167	1.52509e+09	3.14159	519.208	0.449842	
16.4	1.52509e+09	3.14159	514.656	0.443035	
16.4167	1.52509e+09	3.14159	514.827	0.367669	
16.4333	1.52509e+09	3.14159	513.723	0.471071	
16.45	1.52509e+09	3.14159	514.717	0.416945	
16.4667	1.52509e+09	3.14159	513.662	0.472187	
16.4833	1.52509e+09	3.14159	513.85	0.234447	
16.6833	1.52509e+09	3.14159	514.536	0.155576	
16.7167	1.52509e+09	3.14159	514.652	0.227146	
16.7833	1.52509e+09	3.14159	514.936	0.243381	
16.8	1.52509e+09	3.14159	513.448	0.27023	
16.8167	1.52509e+09	3.14159	514.708	0.27713	
16.9333	1.52509e+09	3.14159	514.072	0.319081	
16.95	1.52509e+09	3.14159	515.508	0.347821	
16.9667	1.52509e+09	3.14159	514.419	0.383685	
16.9833	1.52509e+09	3.14159	513.989	0.688883	
17.0333	1.52509e+09	3.14159	514.849	0.373891	
17.1833	1.52509e+09	3.14159	514.28	0.423247	
17.2	1.52509e+09	3.14159	514.312	0.467538	
17.25	1.52509e+09	3.14159	513.731	0.207092	
17.2667	1.52509e+09	3.14159	514.844	0.266519	
17.3167	1.52509e+09	3.14159	513.452	0.244953	
17.3333	1.52509e+09	3.14159	514.528	0.327309	
17.3667	1.52509e+09	3.14159	512.424	0.419549	
17.4333	1.52509e+09	3.14159	515.34	0.300155	
17.4833	1.52509e+09	3.14159	513.669	0.251093	
17.5	1.52509e+09	3.14159	514.676	0.301491	
17.5167	1.52509e+09	3.14159	512.908	0.339857	
17.5333	1.52509e+09	3.14159	514.038	0.423587	
17.55	1.52509e+09	3.14159	546.776	0.531049	
17.5667	1.52509e+09	3.14159	514.316	0.590846	
17.7833	1.52509e+09	3.14159	513.3	0.131633	
17.8167	1.52509e+09	3.14159	516.604	0.259158	
17.8333	1.52509e+09	3.14159	514.319	0.244282	
17.85	1.52509e+09	3.14159	517.9	0.362844	
17.8667	1.52509e+09	3.14159	514.313	0.52137	
17.8833	1.52509e+09	3.14159	513.185	0.637611	
17.9	1.52509e+09	3.14159	513.42	0.48918	
17.9333	1.52509e+09	3.14159	513.972	0.275257	
17.9667	1.52509e+09	3.14159	550.98	0.466716	
18	1.52509e+09	3.14159	518.388	0.612829	
18.05	1.52509e+09	3.14159	514.344	0.299615	
18.1667	1.52509e+09	3.14159	513.808	0.351796	
18.2	1.52509e+09	3.14159	513.728	0.411305	
18.2167	1.52509e+09	3.14159	512.646	0.366116	
18.2333	1.52509e+09	3.14159	514.88	0.306703	
18.25	1.52509e+09	3.14159	513.635	0.370459	
18.35	1.52509e+09	3.14159	513.488	0.407732	
18.4	1.52509e+09	3.14159	516.912	0.402305	
18.4167	1.52509e+09	3.14159	513.736	0.418643	
18.4333	1.52509e+09	3.14159	516.052	0.574631	
18.45	1.52509e+09	3.14159	514.839	0.798812	
18.4667	1.52509e+09	3.14159	514.893	0.793835	
18.4833	1.52509e+09	3.14159	513.8	1.0759	
18.5	1.52509e+09	3.14159	523.16	0.677006	
18.65	1.52509e+09	3.14159	514.624	0.201117	
18.6667	1.52509e+09	3.14159	517.561	0.46258	
18.6833	1.52509e+09	3.14159	514.659	1.09689	
18.7	1.52509e+09	3.14159	514.804	1.22507	
18.7167	1.52509e+09	3.14159	513.407	1.61603	
18.7333	1.52509e+09	3.14159	514.203	0.785891	
18.75	1.52509e+09	3.14159	514.675	0.574951	
18.8	1.52509e+09	3.14159	514.864	0.373595	
18.8833	1.52509e+09	3.14159	513.752	0.279152	
18.95	1.52509e+09	3.14159	519.204	0.190542	
18.9667	1.52509e+09	3.14159	517.56	0.274901	
18.9833	1.52509e+09	3.14159	515.039	0.331773	
19.05	1.52509e+09	3.14159	512.196	0.284537	
19.0667	1.52509e+09	3.14159	513.82	0.399249	
19.0833	1.52509e+09	3.14159	514.645	0.45298	
19.1333	1.52509e+09	3.14159	515.703	0.217343	
19.1833	1.52509e+09	3.14159	513.948	0.235931	
19.2167	1.52509e+09	3.14159	513.168	0.310338	
19.25	1.52509e+09	3.14159	514.576	0.443191	
19.2833	1.52509e+09	3.14159	514.012	0.283855	
19.3333	1.52509e+09	3.14159	514.5	0.249902	
19.35	1.52509e+09	3.14159	514.692	0.263399	
19.3667	1.52509e+09	3.14159	515.714	0.418762	
19.3833	1.52509e+09	3.14159	514.171	1.07903	
19.4	1.52509e+09	3.14159	517.204	1.32355	
19.4167	1.52509e+09	3.14159	514.78	0.58915	
19.4333	1.52509e+09	3.14159	515.53	1.0147	
19.4833	1.52509e+09	3.14159	514.192	0.264297	
19.5167	1.52509e+09	3.14159	521.84	0.370593	
19.55	1.52509e+09	3.14159	514.87	0.268098	
19.5667	1.52509e+09	3.14159	513.626	0.513652	
19.65	1.52509e+09	3.14159	517.897	0.327596	
19.6833	1.52509e+09	3.14159	545.004	0.376719	
19.7	1.52509e+09	3.14159	519.08	0.411121	
19.7167	1.52509e+09	3.14159	525.542	0.451292	
19.75	1.52509e+09	3.14159	517.897	0.335085	
19.8333	1.52509e+09	3.14159	513.496	0.260738	
19.85	1.52509e+09	3.14159	512.671	0.304084	
19.8667	1.52509e+09	3.14159	515.462	0.428864	
19.9167	1.52509e+09	3.14159	514.824	0.257496	
19.9333	1.52509e+09	3.14159	512.673	0.328883	
19.9667	1.52509e+09	3.14159	512.6	0.476841	
20.0167	1.52509e+09	3.14159	515.792	0.37867	
20.05	1.52509e+09	3.14159	513.116	0.301084	
20.0667	1.52509e+09	3.14159	515.187	0.446543	
20.0833	1.52509e+09	3.14159	512.199	0.455215	
20.1	1.52509e+09	3.14159	514.504	0.581119	
20.1167	1.52509e+09	3.14159	514.203	0.913631	
20.1333	1.52509e+09	3.14159	513.047	1.06961	
20.15	1.52509e+09	3.14159	520.402	0.335913	
20.1667	1.52509e+09	3.14159	515.052	0.383789	
20.1833	1.52509e+09	3.14159	514.921	0.442613	
20.2333	1.52509e+09	3.14159	512.72	0.22014	
20.2667	1.52509e+09	3.14159	514.392	0.427678	
20.3167	1.52509e+09	3.14159	513.816	0.195241	
20.3333	1.52509e+09	3.14159	513.792	0.29901	
20.35	1.52509e+09	3.14159	513.789	0.426781	
20.3667	1.52509e+09	3.14159	514.034	0.474333	
20.3833	1.52509e+09	3.14159	513.94	0.475015	
20.5	1.52509e+09	3.14159	517.126	0.43441	
20.5333	1.52509e+09	3.14159	515.061	0.487046	
20.55	1.52509e+09	3.14159	513.998	0.56304	
20.5667	1.52509e+09	3.14159	519.788	0.588481	
20.5833	1.52509e+09	3.14159	514.892	0.50356	
20.6	1.52509e+09	3.14159	514.248	0.7758	
20.6167	1.52509e+09	3.14159	513.024	0.999185	
20.6333	1.52509e+09	3.14159	514.24	1.03406	
20.65	1.52509e+09	3.14159	513.25	0.57932	
20.6667	1.52509e+09	3.14159	515.55	0.708742	
20.6833	1.52509e+09	3.14159	515.564	0.783408	
20.7	1.52509e+09	3.14159	513.634	0.864264	
20.75	1.52509e+09	3.14159	520.136	0.44333	
20.8	1.52509e+09	3.14159	514.108	0.274894	
20.8333	1.52509e+09	3.14159	514.02	0.316496	
20.85	1.52509e+09	3.14159	514.276	0.386263	
20.8667	1.52509e+09	3.14159	514.528	0.344151	
20.8833	1.52509e+09	3.14159	513.643	0.579515	
20.9	1.52509e+09	3.14159	513.319	0.586583	
20.9167	1.52509e+09	3.14159	515.187	0.550298	
20.95	1.52509e+09	3.14159	512.96	0.470094	
20.9667	1.52509e+09	3.14159	513.164	0.443092	
20.9833	1.52509e+09	3.14159	514.089	0.272241	
21	1.52509e+09	3.14159	513.141	0.22092	
21.05	1.52509e+09	3.14159	514.645	0.315935	
21.1	1.52509e+09	3.14159	525.589	0.294209	
21.1167	1.52509e+09	3.14159	513.704	0.296102	
21.1333	1.52509e+09	3.14159	513.432	0.567706	
21.15	1.52509e+09	3.14159	515.314	0.652766	
21.1667	1.52509e+09	3.14159	514.595	0.342533	
21.1833	1.52509e+09	3.14159	515.578	0.299131	
21.2	1.52509e+09	3.14159	514.707	1.36694	
21.2167	1.52509e+09	3.14159	517.618	1.28308	
21.3167	1.52509e+09	3.14159	514.48	0.357987	
21.3333	1.52509e+09	3.14159	513.443	0.406481	
21.35	1.52509e+09	3.14159	513.604	0.39645	
21.3667	1.52509e+09	3.14159	512.689	0.316652	
21.3833	1.52509e+09	3.14159	512.76	0.471215	
21.4	1.52509e+09	3.14159	512.783	0.548024	
21.4167	1.52509e+09	3.14159	514.404	0.654611	
21.45	1.52509e+09	3.14159	513.384	0.602767	
21.5167	1.52509e+09	3.14159	517.268	0.406044	
21.5333	1.52509e+09	3.14159	514.804	0.439862	
21.5667	1.52509e+09	3.14159	514.277	0.338814	
21.5833	1.52509e+09	3.14159	513.792	0.277901	
21.6	1.52509e+09	3.14159	519.646	0.342224	
21.6167	1.52509e+09	3.14159	512.64	0.601798	
21.6333	1.52509e+09	3.14159	518.724	0.354872	
21.65	1.52509e+09	3.14159	514.544	0.412631	
21.6667	1.52509e+09	3.14159	544.396	0.355913	
21.6833	1.52509e+09	3.14159	514.582	0.405381	
21.7	1.52509e+09	3.14159	513.721	0.265625	
21.7167	1.52509e+09	3.14159	512.572	0.426977	
21.7333	1.52509e+09	3.14159	513.052	0.516774	
21.75	1.52509e+09	3.14159	512.826	0.367113	
21.7667	1.52509e+09	3.14159	513.456	0.435362	
21.7833	1.52509e+09	3.14159	516.047	0.295809	
21.8	1.52509e+09	3.14159	513.429	0.209272	
21.8167	1.52509e+09	3.14159	514.086	0.245955	
21.8333	1.52509e+09	3.14159	513.013	0.330519	
21.85	1.52509e+09	3.14159	516.249	0.279792	
21.8667	1.52509e+09	3.14159	513.207	0.40662	
21.8833	1.52509e+09	3.14159	515.018	0.447317	
21.95	1.52509e+09	3.14159	514.256	0.298578	
21.9667	1.52509e+09	3.14159	514.212	0.387803	
21.9833	1.52509e+09	3.14159	518.415	0.391864	
22	1.52509e+09	3.14159	517.739	1.5162	
22.0167	1.52509e+09	3.14159	513.339	1.28914	
22.0333	1.52509e+09	3.14159	515.355	0.495563	
22.05	1.52509e+09	3.14159	515.076	0.843632	
22.0667	1.52509e+09	3.14159	515.115	0.890326	
22.0833	1.52509e+09	3.14159	518.927	1.31984	
22.1	1.52509e+09	3.14159	521.423	1.2308	
22.1167	1.52509e+09	3.14159	514.786	5.97326	
22.1333	1.52509e+09	3.14159	512.757	5.86658	
22.15	1.52509e+09	3.14159	513.701	5.18213	
22.1667	1.52509e+09	3.14159	513.772	4.89425	
22.1833	1.52509e+09	3.14159	514.291	4.31569	
22.2	1.52509e+09	3.14159	512.415	4.2626	
22.2167	1.52509e+09	3.14159	514.46	3.48801	
22.2333	1.52509e+09	3.14159	515.036	3.96464	
22.25	1.52509e+09	3.14159	514.866	3.13378	
22.2667	1.52509e+09	3.14159	512.629	2.33158	
22.2833	1.52509e+09	3.14159	512.89	2.0661	
22.3	1.52509e+09	3.14159	513.641	1.35301	
22.35	1.52509e+09	3.14159	513.928	0.294689	
22.3667	1.52509e+09	3.14159	518.08	0.323006	
22.4	1.52509e+09	3.14159	513.586	0.334767	
22.4333	1.52509e+09	3.14159	514.053	0.349427	
22.4667	1.52509e+09	3.14159	543.996	0.349148	
22.4833	1.52509e+09	3.14159	513.013	0.247726	
22.5	1.52509e+09	3.14159	514.073	0.372358	
22.55	1.52509e+09	3.14159	513.692	0.182793	
22.5667	1.52509e+09	3.14159	516.768	0.335734	
22.5833	1.52509e+09	3.14159	514.6	0.391352	
22.6	1.52509e+09	3.14159	512.856	0.485075	
22.6167	1.52509e+09	3.14159	516.328	0.575191	
22.6333	1.52509e+09	3.14159	514.08	0.600021	
22.65	1.52509e+09	3.14159	517.376	0.712767	
22.6667	1.52509e+09	3.14159	517.281	0.71064	
22.6833	1.52509e+09	3.14159	512.393	0.486598	
22.7	1.52509e+09	3.14159	513.825	0.1933	
22.7167	1.52509e+09	3.14159	513.734	0.294807	
22.7333	1.52509e+09	3.14159	512.8	0.223043	
22.75	1.52509e+09	3.14159	524.601	0.3211	
22.7667	1.52509e+09	3.14159	511.788	0.374975	
22.7833	1.52509e+09	3.14159	512.7	0.391436	
22.8	1.52509e+09	3.14159	516.785	0.550246	
22.8167	1.52509e+09	3.14159	519.556	0.451124	
22.8333	1.52509e+09	3.14159	515.128	0.219472	
22.8833	1.52509e+09	3.14159	513.278	0.362424	
22.9	1.52509e+09	3.14159	512.207	0.410043	
22.9167	1.52509e+09	3.14159	516.819	0.525312	
22.9333	1.52509e+09	3.14159	519.972	0.571271	
22.95	1.52509e+09	3.14159	517.213	0.664022	
22.9667	1.52509e+09	3.14159	518.27	0.703431	
22.9833	1.52509e+09	3.14159	520.248	0.894123	
23	1.52509e+09	3.14159	512.072	4.97461	
23.0167	1.52509e+09	3.14159	513.635	4.42855	
23.0333	1.52509e+09	3.14159	513.994	4.16631	
23.05	1.52509e+09	3.14159	516.192	4.02167	
23.0667	1.52509e+09	3.14159	516.019	3.21136	
23.0833	1.52509e+09	3.14159	514.461	2.87013	
23.1	1.52509e+09	3.14159	511.883	2.25903	
23.1167	1.52509e+09	3.14159	513.565	2.01804	
23.1333	1.52509e+09	3.14159	512.657	1.80951	
23.15	1.52509e+09	3.14159	513.122	1.07894	
23.1667	1.52509e+09	3.14159	513.372	0.358224	
23.1833	1.52509e+09	3.14159	512.768	0.529725	
23.2	1.52509e+09	3.14159	556.008	0.306804	
23.2333	1.52509e+09	3.14159	513.839	0.196022	
23.2667	1.52509e+09	3.14159	512.702	0.338711	
23.3	1.52509e+09	3.14159	514.645	0.437235	
23.55	1.52509e+09	3.14159	513.932	0.278443	
23.5667	1.52509e+09	3.14159	512.508	0.442791	
23.5833	1.52509e+09	3.14159	515.284	0.457051	
23.6	1.52509e+09	3.14159	515.588	0.475787	
23.6167	1.52509e+09	3.14159	514.428	0.406775	
23.6333	1.52509e+09	3.14159	512.567	0.395878	
23.65	1.52509e+09	3.14159	519.251	0.287281	
23.6667	1.52509e+09	3.14159	513.752	0.233353	
23.7833	1.52509e+09	3.14159	513.328	0.542675	
23.8	1.52509e+09	3.14159	515.252	0.618429	
23.8167	1.52509e+09	3.14159	521.092	0.668767	
23.9667	1.52509e+09	3.14159	512.144	0.4111	
23.9833	1.52509e+09	3.14159	514.676	0.478971	
24.0333	1.52509e+09	3.14159	513.816	0.208047	
24.2	1.52509e+09	3.14159	518.545	0.184412	
24.2333	1.52509e+09	3.14159	515.044	0.266236	
24.25	1.52509e+09	3.14159	515.38	0.349652	
24.2667	1.52509e+09	3.14159	513.131	0.435616	
24.3	1.52509e+09	3.14159	520.98	0.24745	
24.5833	1.52509e+09	3.14159	514.488	0.327385	
24.6333	1.52509e+09	3.14159	518.322	0.190742	
24.65	1.52509e+09	3.14159	512.788	0.253129	
24.6667	1.52509e+09	3.14159	514.168	0.316978	
24.6833	1.52509e+09	3.14159	514.537	1.00498	
24.7	1.52509e+09	3.14159	514.408	1.1044	
24.7667	1.52509e+09	3.14159	517.1	0.483259	
24.7833	1.52509e+09	3.14159	514.283	0.532266	
24.9667	1.52509e+09	3.14159	518.696	0.182971	
24.9833	1.52509e+09	3.14159	515.668	0.286875	
25.0167	1.52509e+09	3.14159	514.344	0.204775	
25.0333	1.52509e+09	3.14159	514.539	0.351268	
25.05	1.52509e+09	3.14159	512.327	0.564832	
25.0667	1.52509e+09	3.14159	513.264	0.675297	
25.0833	1.52509e+09	3.14159	512.999	0.418361	
25.1333	1.52509e+09	3.14159	514.828	0.38311	
25.3667	1.52509e+09	3.14159	514.024	0.402356	
25.3833	1.52509e+09	3.14159	514.343	0.430077	
25.4	1.52509e+09	3.14159	514.412	0.475722	
25.4167	1.52509e+09	3.14159	514.54	0.560307	
25.4333	1.52509e+09	3.14159	513.3	0.794474	
25.45	1.52509e+09	3.14159	514.643	0.437371	
25.5667	1.52509e+09	3.14159	515.212	0.215808	
25.6167	1.52509e+09	3.14159	513.216	0.363153	
25.6333	1.52509e+09	3.14159	514.648	0.388026	
25.7667	1.52509e+09	3.14159	513.5	0.359306	
25.7833	1.52509e+09	3.14159	514.992	0.425894	
25.8	1.52509e+09	3.14159	514.575	0.419955	
25.8167	1.52509e+09	3.14159	513.152	0.491582	
25.8333	1.52509e+09	3.14159	513.427	0.478851	
25.8667	1.52509e+09	3.14159	512.8	0.194953	
25.9167	1.52509e+09	3.14159	514.038	0.426536	
26.0333	1.52509e+09	3.14159	514.632	0.299647	
26.0667	1.52509e+09	3.14159	513.092	0.303408	
26.0833	1.52509e+09	3.14159	514.28	0.39936	
26.1	1.52509e+09	3.14159	513.815	0.855637	
26.1167	1.52509e+09	3.14159	516.493	1.04637	
26.1333	1.52509e+09	3.14159	514.348	0.32538	
26.1833	1.52509e+09	3.14159	513.18	0.499244	
26.4333	1.52509e+09	3.14159	515.708	0.187173	
26.45	1.52509e+09	3.14159	513.719	0.395399	
26.4667	1.52509e+09	3.14159	514.514	0.48518	
26.4833	1.52509e+09	3.14159	513.299	0.70096	
26.5	1.52509e+09	3.14159	513.375	0.808025	
26.5167	1.52509e+09	3.14159	512.62	0.76505	
26.5333	1.52509e+09	3.14159	513.8	0.377899	
26.55	1.52509e+09	3.14159	514.642	0.460023	
26.5667	1.52509e+09	3.14159	514.708	0.4942	
26.7167	1.52509e+09	3.14159	514.061	0.499486	
26.7333	1.52509e+09	3.14159	512.86	0.297365	
26.75	1.52509e+09	3.14159	514.56	0.463619	
26.7667	1.52509e+09	3.14159	513.775	0.546926	
26.7833	1.52509e+09	3.14159	513.239	0.447511	
26.8	1.52509e+09	3.14159	516.195	0.255777	
26.9833	1.52509e+09	3.14159	514.928	0.171473	
27.0333	1.52509e+09	3.14159	513.049	0.239596	
27.05	1.52509e+09	3.14159	512.872	0.332649	
27.0667	1.52509e+09	3.14159	514.612	0.417405	
27.0833	1.52509e+09	3.14159	513.524	0.495165	
27.1	1.52509e+09	3.14159	514.681	0.528897	
27.1167	1.52509e+09	3.14159	513.6	0.580226	
27.1333	1.52509e+09	3.14159	514.124	0.62044	
27.2167	1.52509e+09	3.14159	514.37	0.509185	
27.2333	1.52509e+09	3.14159	513.306	0.555012	
27.2833	1.52509e+09	3.14159	514.625	0.203979	
27.3	1.52509e+09	3.14159	513.588	0.235032	
27.3167	1.52509e+09	3.14159	514.768	0.435007	
27.3333	1.52509e+09	3.14159	526.276	0.410686	
27.35	1.52509e+09	3.14159	514.687	0.363181	
27.3667	1.52509e+09	3.14159	517.588	1.22424	
27.4	1.52509e+09	3.14159	515.458	0.343335	
27.4167	1.52509e+09	3.14159	514.362	0.468336	
27.45	1.52509e+09	3.14159	513.442	0.406659	
27.6	1.52509e+09	3.14159	514.252	0.390583	
27.6167	1.52509e+09	3.14159	515.38	0.50336	
27.6333	1.52509e+09	3.14159	518.875	0.346467	
27.65	1.52509e+09	3.14159	512.922	0.372082	
27.6667	1.52509e+09	3.14159	515.229	0.899918	
27.7167	1.52509e+09	3.14159	513.84	0.382537	
27.75	1.52509e+09	3.14159	522.072	0.419017	
27.7667	1.52509e+09	3.14159	513.615	0.49032	
27.7833	1.52509e+09	3.14159	513.268	0.330494	
27.85	1.52509e+09	3.14159	513.629	0.317837	
27.8667	1.52509e+09	3.14159	512.536	0.410551	
27.9333	1.52509e+09	3.14159	514.652	0.574557	
27.95	1.52509e+09	3.14159	513.935	0.487249	
27.9667	1.52509e+09	3.14159	514.621	0.523	
28.0333	1.52509e+09	3.14159	514.506	0.387973	
28.05	1.52509e+09	3.14159	513.425	0.46875	
28.0667	1.52509e+09	3.14159	513.74	0.564374	
28.0833	1.52509e+09	3.14159	513.08	0.643802	
28.1167	1.52509e+09	3.14159	514.34	0.633207	
28.1667	1.52509e+09	3.14159	515.072	0.21135	
28.2167	1.52509e+09	3.14159	550.909	0.242385	
28.2833	1.52509e+09	3.14159	513.032	0.275469	
28.3667	1.52509e+09	3.14159	514.88	0.399498	
28.4	1.52509e+09	3.14159	514.772	0.257232	
28.4167	1.52509e+09	3.14159	513.951	0.311989	
28.4333	1.52509e+09	3.14159	543.464	0.832123	
28.45	1.52509e+09	3.14159	513.712	0.890688	
28.4667	1.52509e+09	3.14159	513.898	0.259477	
28.4833	1.52509e+09	3.14159	514.738	0.335065	
28.5	1.52509e+09	3.14159	512.768	0.335397	
28.5167	1.52509e+09	3.14159	513.673	0.498849	
28.5333	1.52509e+09	3.14159	513.992	0.471575	
28.6167	1.52509e+09	3.14159	513.108	0.46082	
28.6333	1.52509e+09	3.14159	514.744	0.535056	
28.65	1.52509e+09	3.14159	517.044	0.826843	
28.6667	1.52509e+09	3.14159	527.415	0.927545	
28.6833	1.52509e+09	3.14159	514.114	0.43568	
28.7	1.52509e+09	3.14159	515.38	0.458236	
28.7167	1.52509e+09	3.14159	514.416	0.421948	
28.7333	1.52509e+09	3.14159	514.139	0.737714	
28.75	1.52509e+09	3.14159	513.056	0.820798	
28.7833	1.52509e+09	3.14159	512.607	0.306484	
28.8167	1.52509e+09	3.14159	513.683	0.431238	
28.8333	1.52509e+09	3.14159	512.683	0.460031	
28.8667	1.52509e+09	3.14159	513.528	0.659786	
28.8833	1.52509e+09	3.14159	513.378	0.731012	
28.9	1.52509e+09	3.14159	520.605	0.524327	
28.95	1.52509e+09	3.14159	517.794	0.341086	
28.9667	1.52509e+09	3.14159	532.388	0.405742	
29	1.52509e+09	3.14159	523.276	0.553712	
29.0167	1.52509e+09	3.14159	513.913	6.55354	
29.0333	1.52509e+09	3.14159	513.694	6.5772	
29.05	1.52509e+09	3.14159	516.474	5.64072	
29.0833	1.52509e+09	3.14159	513.164	5.665	
29.1	1.52509e+09	3.14159	516.695	5.01616	
29.1167	1.52509e+09	3.14159	513.293	4.82759	
29.1333	1.52509e+09	3.14159	514.417	4.83838	
29.15	1.52509e+09	3.14159	513.192	4.12002	
29.1667	1.52509e+09	3.14159	513.984	3.27064	
29.2167	1.52509e+09	3.14159	513.109	3.24303	
29.3	1.52509e+09	3.14159	513.983	0.235137	
29.3167	1.52509e+09	3.14159	513.924	0.305728	
29.4	1.52509e+09	3.14159	514.715	0.391802	
29.4333	1.52509e+09	3.14159	514.132	0.403382	
29.45	1.52509e+09	3.14159	514.495	0.447863	
29.4667	1.52509e+09	3.14159	513.388	0.537319	
29.4833	1.52509e+09	3.14159	513.416	0.472112	
29.5	1.52509e+09	3.14159	514.241	0.831755	
29.5167	1.52509e+09	3.14159	513.468	0.773709	
29.5333	1.52509e+09	3.14159	513.696	0.838871	
29.55	1.52509e+09	3.14159	517.168	0.527576	
29.5667	1.52509e+09	3.14159	516.603	1.20411	
29.5833	1.52509e+09	3.14159	513.784	0.887215	
29.6	1.52509e+09	3.14159	515.504	0.405603	
29.6167	1.52509e+09	3.14159	513.732	0.526488	
29.6833	1.52509e+09	3.14159	517.376	0.211658	
29.7	1.52509e+09	3.14159	518.656	0.29593	
29.7333	1.52509e+09	3.14159	517.763	1.48863	
29.8	1.52509e+09	3.14159	518.752	0.316145	
29.8167	1.52509e+09	3.14159	513.347	0.433594	
29.8333	1.52509e+09	3.14159	516.584	0.501589	
29.85	1.52509e+09	3.14159	519.251	0.977851	
29.8667	1.52509e+09	3.14159	514.206	1.01375	
29.8833	1.52509e+09	3.14159	514.547	1.27702	
29.9	1.52509e+09	3.14159	513.205	1.01557	
29.9167	1.52509e+09	3.14159	513.367	0.457874	
29.9333	1.52509e+09	3.14159	516.701	0.577733	
29.95	1.52509e+09	3.14159	514.729	0.558081	
29.9667	1.52509e+09	3.14159	515.799	0.408105	
29.9833	1.52509e+09	3.14159	513.002	1.27646	
30.15	1.52509e+09	3.14159	513.513	0.391378	
30.1667	1.52509e+09	3.14159	514.174	0.453095	
30.1833	1.52509e+09	3.14159	513.163	0.457933	
30.2	1.52509e+09	3.14159	515.136	0.483339	
30.2167	1.52509e+09	3.14159	515.549	1.21132	
30.25	1.52509e+09	3.14159	553.609	1.42014	
30.2667	1.52509e+09	3.14159	514.15	1.07094	
30.2833	1.52509e+09	3.14159	514.227	0.642997	
30.3	1.52509e+09	3.14159	513.447	0.376165	
30.3167	1.52509e+09	3.14159	515.131	0.484098	
30.3333	1.52509e+09	3.14159	515.337	0.587041	
30.35	1.52509e+09	3.14159	515.049	1.04316	
30.3667	1.52509e+09	3.14159	513.409	1.60771	
30.3833	1.52509e+09	3.14159	513.666	1.38466	
30.4	1.52509e+09	3.14159	515.165	0.794787	
30.4167	1.52509e+09	3.14159	517.359	0.817547	
30.4333	1.52509e+09	3.14159	514.159	0.866067	
30.45	1.52509e+09	3.14159	513.311	0.700955	
30.4667	1.52509e+09	3.14159	514.331	0.845354	
30.4833	1.52509e+09	3.14159	515.336	0.692687	
30.5	1.52509e+09	3.14159	513.893	0.638001	
30.5167	1.52509e+09	3.14159	526.476	0.815593	
30.5333	1.52509e+09	3.14159	515.032	0.941026	
30.55	1.52509e+09	3.14159	516.503	1.08301	
30.6167	1.52509e+09	3.14159	512.38	0.339783	
30.6333	1.52509e+09	3.14159	514.328	0.429409	
30.65	1.52509e+09	3.14159	513.283	0.474296	
30.6667	1.52509e+09	3.14159	513.916	0.415854	
30.6833	1.52509e+09	3.14159	514.351	0.599297	
30.7	1.52509e+09	3.14159	515.174	1.11198	
30.75	1.52509e+09	3.14159	513.823	0.347202	
30.7667	1.52509e+09	3.14159	515.355	0.401784	
30.7833	1.52509e+09	3.14159	512.817	1.06021	
30.8	1.52509e+09	3.14159	513.127	1.11532	
30.8167	1.52509e+09	3.14159	514.176	0.607585	
30.8333	1.52509e+09	3.14159	516.604	0.558938	
30.85	1.52509e+09	3.14159	515.633	0.548219	
30.8667	1.52509e+09	3.14159	514.536	0.626881	
30.8833	1.52509e+09	3.14159	513.425	0.767274	
30.9	1.52509e+09	3.14159	513.122	0.535855	
30.9167	1.52509e+09	3.14159	514.444	0.263266	
30.9333	1.52509e+09	3.14159	512.828	0.230489	
30.95	1.52509e+09	3.14159	513.088	0.260858	
30.9667	1.52509e+09	3.14159	513.781	0.433225	
30.9833	1.52509e+09	3.14159	514.785	0.46331	
31	1.52509e+09	3.14159	515.984	0.482541	
31.0167	1.52509e+09	3.14159	515.065	0.40128	
31.0333	1.52509e+09	3.14159	517.039	0.738851	
31.05	1.52509e+09	3.14159	514.251	0.766068	
31.0667	1.52509e+09	3.14159	514.631	1.12976	
31.0833	1.52509e+09	3.14159	514.224	0.549448	
31.1333	1.52509e+09	3.14159	515.29	0.579209	
31.15	1.52509e+09	3.14159	514.219	0.644185	
31.1667	1.52509e+09	3.14159	518.104	0.672178	
31.1833	1.52509e+09	3.14159	517.14	0.642368	
31.2	1.52509e+09	3.14159	515.756	1.01548	
31.25	1.52509e+09	3.14159	514.157	0.445085	
31.2667	1.52509e+09	3.14159	513.021	0.399287	
31.2833	1.52509e+09	3.14159	517.568	0.399046	
31.3	1.52509e+09	3.14159	514.324	0.527019	
31.3167	1.52509e+09	3.14159	514.436	0.511518	
31.3333	1.52509e+09	3.14159	513.712	0.317948	
31.35	1.52509e+09	3.14159	514.62	0.398319	
31.3667	1.52509e+09	3.14159	513.768	0.261495	
31.3833	1.52509e+09	3.14159	513.814	0.261028	
31.4333	1.52509e+09	3.14159	512.979	0.258795	
31.45	1.52509e+09	3.14159	513.412	0.371039	
31.4667	1.52509e+09	3.14159	515.955	0.483594	
31.4833	1.52509e+09	3.14159	514.808	0.578395	
31.5	1.52509e+09	3.14159	523.092	0.598837	
31.5167	1.52509e+09	3.14159	514.129	0.736853	
31.5333	1.52509e+09	3.14159	513.046	0.807962	
31.55	1.52509e+09	3.14159	515.629	0.487228	
31.5833	1.52509e+09	3.14159	519.937	0.417959	
31.6167	1.52509e+09	3.14159	513.052	0.379586	
31.6333	1.52509e+09	3.14159	515.063	0.442858	
31.65	1.52509e+09	3.14159	519.004	0.367867	
31.6667	1.52509e+09	3.14159	516.659	0.647044	
31.6833	1.52509e+09	3.14159	512.947	1.59157	
31.7	1.52509e+09	3.14159	514.096	1.21004	
31.7167	1.52509e+09	3.14159	536.141	0.728677	
31.7333	1.52509e+09	3.14159	514.246	0.796037	
31.75	1.52509e+09	3.14159	514.263	0.959709	
31.7667	1.52509e+09	3.14159	518.781	0.321028	
31.7833	1.52509e+09	3.14159	513.565	0.40393	
31.8	1.52509e+09	3.14159	513.657	0.378574	
31.8167	1.52509e+09	3.14159	513.685	0.407448	
31.8333	1.52509e+09	3.14159	534.556	0.355877	
31.85	1.52509e+09	3.14159	525.368	0.251884	
31.8667	1.52509e+09	3.14159	515.853	0.415082	
31.8833	1.52509e+09	3.14159	515.18	0.359552	
31.9167	1.52509e+09	3.14159	514.156	0.178993	
32.1667	1.52509e+09	3.14159	513.864	0.356354	
32.1833	1.52509e+09	3.14159	514.588	0.392421	
32.2	1.52509e+09	3.14159	513.584	0.394372	
32.2167	1.52509e+09	3.14159	514.583	0.484733	
32.2333	1.52509e+09	3.14159	512.531	0.511348	
32.25	1.52509e+09	3.14159	513.564	0.544948	
32.2667	1.52509e+09	3.14159	515.014	0.333185	
32.3167	1.52509e+09	3.14159	514.08	0.409586	
32.3833	1.52509e+09	3.14159	516.861	0.486893	
32.5167	1.52509e+09	3.14159	513.664	0.259705	
32.5333	1.52509e+09	3.14159	514.132	0.309857	
32.55	1.52509e+09	3.14159	518.436	0.389592	
32.5667	1.52509e+09	3.14159	537.288	0.403646	
32.5833	1.52509e+09	3.14159	513.521	0.451788	
32.6	1.52509e+09	3.14159	536.181	0.547542	
32.8333	1.52509e+09	3.14159	514.718	0.323614	
32.85	1.52509e+09	3.14159	542.519	0.387051	
32.8667	1.52509e+09	3.14159	512.64	0.389478	
32.8833	1.52509e+09	3.14159	513.064	0.262908	
32.9	1.52509e+09	3.14159	513.776	0.307723	
33.25	1.52509e+09	3.14159	515.013	0.387654	
33.2667	1.52509e+09	3.14159	514.359	0.842975	
33.2833	1.52509e+09	3.14159	513.811	0.94716	
33.3	1.52509e+09	3.14159	513.864	1.01603	
33.3167	1.52509e+09	3.14159	515.078	0.84002	
33.3333	1.52509e+09	3.14159	517.948	1.29875	
33.35	1.52509e+09	3.14159	513.402	0.48734	
33.3667	1.52509e+09	3.14159	514.277	0.740689	
33.3833	1.52509e+09	3.14159	514.208	0.859682	
33.6	1.52509e+09	3.14159	511.964	0.496049	
33.6167	1.52509e+09	3.14159	513.212	0.544923	
33.6333	1.52509e+09	3.14159	515.216	0.542408	
33.65	1.52509e+09	3.14159	514.511	0.511391	
33.6667	1.52509e+09	3.14159	514.721	0.314708	
33.6833	1.52509e+09	3.14159	513.859	0.211137	
33.7	1.52509e+09	3.14159	514.409	0.31194	
33.9667	1.52509e+09	3.14159	514.684	0.514856	
33.9833	1.52509e+09	3.14159	514.488	0.547338	
34	1.52509e+09	3.14159	513.399	0.499695	
34.0167	1.52509e+09	3.14159	514.238	0.689548	
34.0333	1.52509e+09	3.14159	513.56	0.661039	
34.05	1.52509e+09	3.14159	513.744	0.222616	
34.0667	1.52509e+09	3.14159	520.246	0.331892	
34.3333	1.52509e+09	3.14159	515.028	0.447068	
34.3833	1.52509e+09	3.14159	514.658	0.251335	
34.4	1.52509e+09	3.14159	515.989	0.342349	
34.4167	1.52509e+09	3.14159	514.26	0.344057	
34.4333	1.52509e+09	3.14159	515.047	0.356252	
34.45	1.52509e+09	3.14159	515.335	0.631864	
34.4667	1.52509e+09	3.14159	514.524	0.908751	
34.5333	1.52509e+09	3.14159	512.952	0.504356	
34.55	1.52509e+09	3.14159	513.2	0.561354	
34.6667	1.52509e+09	3.14159	514.412	0.294995	
34.6833	1.52509e+09	3.14159	517.564	0.375549	
34.7	1.52509e+09	3.14159	516.489	0.462211	
34.7167	1.52509e+09	3.14159	514.356	0.49972	
34.7333	1.52509e+09	3.14159	531.604	0.779521	
34.75	1.52509e+09	3.14159	513.587	0.952055	
35.0167	1.52509e+09	3.14159	514.767	0.492331	
35.0333	1.52509e+09	3.14159	514.014	0.246429	
35.05	1.52509e+09	3.14159	514.392	0.404166	
35.0667	1.52509e+09	3.14159	512.852	0.431642	
35.0833	1.52509e+09	3.14159	513.349	0.451447	
35.1	1.52509e+09	3.14159	512.419	0.702796	
35.1167	1.52509e+09	3.14159	520.992	0.423344	
35.1333	1.52509e+09	3.14159	513.856	0.325636	
35.15	1.52509e+09	3.14159	513.741	0.53943	
35.3	1.52509e+09	3.14159	514.564	0.535568	
35.3167	1.52509e+09	3.14159	513.775	0.607998	
35.3333	1.52509e+09	3.14159	520.345	0.741226	
35.35	1.52509e+09	3.14159	513.54	0.436141	
35.3833	1.52509e+09	3.14159	514.124	0.434748	
35.4	1.52509e+09	3.14159	513.052	0.501376	
35.4167	1.52509e+09	3.14159	513.024	0.526418	
35.5833	1.52509e+09	3.14159	520.654	0.474281	
35.6167	1.52509e+09	3.14159	514.224	0.424018	
35.6333	1.52509e+09	3.14159	513.679	0.42693	
35.65	1.52509e+09	3.14159	513.608	0.469595	
35.7	1.52509e+09	3.14159	513.898	0.248913	
35.7167	1.52509e+09	3.14159	520.667	0.312552	
35.7333	1.52509e+09	3.14159	512.864	0.343509	
35.75	1.52509e+09	3.14159	511.804	0.410205	
35.7833	1.52509e+09	3.14159	512.456	0.17325	
35.8	1.52509e+09	3.14159	515.094	0.25214	
35.85	1.52509e+09	3.14159	513.664	0.132711	
35.9167	1.52509e+09	3.14159	512.04	0.182688	
35.9333	1.52509e+09	3.14159	514.348	0.235821	
35.9833	1.52509e+09	3.14159	512.58	0.251101	
36	1.52509e+09	3.14159	513.543	0.371082	
36.0167	1.52509e+09	3.14159	511.812	0.428978	
36.0333	1.52509e+09	3.14159	512.019	0.439344	
36.05	1.52509e+09	3.14159	514.815	0.455808	
36.2	1.52509e+09	3.14159	513.488	0.419015	
36.2167	1.52509e+09	3.14159	513.552	0.472348	
36.2333	1.52509e+09	3.14159	513.691	0.475056	
36.25	1.52509e+09	3.14159	515.404	0.555169	
36.3	1.52509e+09	3.14159	513.5	0.309927	
36.3333	1.52509e+09	3.14159	512.78	0.219727	
36.35	1.52509e+09	3.14159	513.88	0.351703	
36.3667	1.52509e+09	3.14159	513.78	0.411373	
36.4167	1.52509e+09	3.14159	514.616	0.570388	
36.4667	1.52509e+09	3.14159	514.84	0.237812	
36.4833	1.52509e+09	3.14159	514.148	0.295914	
36.5167	1.52509e+09	3.14159	514.741	0.253194	
36.5333	1.52509e+09	3.14159	531.828	0.32453	
36.55	1.52509e+09	3.14159	516.388	0.487194	
36.6	1.52509e+09	3.14159	513.58	0.318434	
36.6333	1.52509e+09	3.14159	512.5	0.42776	
36.65	1.52509e+09	3.14159	513.479	0.499637	
36.6667	1.52509e+09	3.14159	513.561	0.563966	
36.7	1.52509e+09	3.14159	513.896	0.559537	
36.75	1.52509e+09	3.14159	514.236	0.336866	
36.95	1.52509e+09	3.14159	514.352	0.364308	
36.9667	1.52509e+09	3.14159	513.332	0.384846	
36.9833	1.52509e+09	3.14159	512.464	0.443089	
37	1.52509e+09	3.14159	513.525	0.467025	
37.0167	1.52509e+09	3.14159	512.832	0.524383	
37.0333	1.52509e+09	3.14159	513.511	0.571361	
37.05	1.52509e+09	3.14159	513.816	0.286342	
37.0667	1.52509e+09	3.14159	512.463	0.638842	
37.0833	1.52509e+09	3.14159	513.764	0.259968	
37.1	1.52509e+09	3.14159	514.126	1.01067	
37.15	1.52509e+09	3.14159	513.837	0.380432	
37.1833	1.52509e+09	3.14159	513.665	0.518841	
37.2833	1.52509e+09	3.14159	512.496	0.31435	
37.3	1.52509e+09	3.14159	515.015	0.481029	
37.3167	1.52509e+09	3.14159	513.92	0.576203	
37.3333	1.52509e+09	3.14159	512.915	0.609571	
37.35	1.52509e+09	3.14159	512.74	0.603592	
37.3667	1.52509e+09	3.14159	513.894	0.615489	
37.3833	1.52509e+09	3.14159	513.476	0.349385	
37.4	1.52509e+09	3.14159	513.147	0.247716	
37.4167	1.52509e+09	3.14159	512.67	0.348904	
37.4333	1.52509e+09	3.14159	513.367	0.227063	
37.45	1.52509e+09	3.14159	512.712	0.391199	
37.4667	1.52509e+09	3.14159	513.651	0.450915	
37.4833	1.52509e+09	3.14159	517.26	0.381964	
37.5	1.52509e+09	3.14159	514.811	0.375548	
37.5167	1.52509e+09	3.14159	519.005	1.62846	
37.6167	1.52509e+09	3.14159	514.37	0.234448	
37.7	1.52509e+09	3.14159	513.236	0.278825	
37.7167	1.52509e+09	3.14159	512.648	0.334541	
37.7333	1.52509e+09	3.14159	513.644	0.409491	
37.75	1.52509e+09	3.14159	517.449	0.411047	
37.7667	1.52509e+09	3.14159	513.327	0.628254	
37.7833	1.52509e+09	3.14159	515.145	0.739288	
37.8	1.52509e+09	3.14159	513.435	0.331399	
37.8167	1.52509e+09	3.14159	513.055	0.447865	
37.8333	1.52509e+09	3.14159	513.124	0.806413	
37.85	1.52509e+09	3.14159	512.811	0.45897	
37.8667	1.52509e+09	3.14159	512.608	0.490914	
37.8833	1.52509e+09	3.14159	513.742	0.374833	
37.9	1.52509e+09	3.14159	513.763	0.332138	
37.9167	1.52509e+09	3.14159	515.933	0.334438	
37.9667	1.52509e+09	3.14159	516.08	0.3346	
38.0167	1.52509e+09	3.14159	513.548	0.238938	
38.0333	1.52509e+09	3.14159	512.136	0.301815	
38.05	1.52509e+09	3.14159	514.328	0.468815	
38.0667	1.52509e+09	3.14159	513.308	0.472348	
38.0833	1.52509e+09	3.14159	513.56	0.499284	
38.1	1.52509e+09	3.14159	518.679	0.907753	
38.1167	1.52509e+09	3.14159	513.755	1.06137	
38.1333	1.52509e+09	3.14159	513.504	0.306219	
38.1833	1.52509e+09	3.14159	512.649	0.361358	
38.2	1.52509e+09	3.14159	512.284	0.44559	
38.2167	1.52509e+09	3.14159	513.747	0.548482	
38.2333	1.52509e+09	3.14159	514.258	0.547864	
38.3167	1.52509e+09	3.14159	519.564	0.322757	
38.3667	1.52509e+09	3.14159	513.068	0.215677	
38.3833	1.52509e+09	3.14159	512.104	0.381283	
38.4	1.52509e+09	3.14159	514.068	0.423224	
38.45	1.52509e+09	3.14159	513.042	0.231118	
38.4667	1.52509e+09	3.14159	513.553	0.287102	
38.4833	1.52509e+09	3.14159	513.776	0.454992	
38.5	1.52509e+09	3.14159	512.872	0.468723	
38.5167	1.52509e+09	3.14159	513.744	0.527854	
38.5333	1.52509e+09	3.14159	515.012	0.385602	
38.55	1.52509e+09	3.14159	512.853	0.419847	
38.5667	1.52509e+09	3.14159	513.843	0.551896	
38.5833	1.52509e+09	3.14159	515.068	0.323673	
38.6	1.52509e+09	3.14159	518.404	0.407935	
38.6333	1.52509e+09	3.14159	511.89	4.93891	
38.6833	1.52509e+09	3.14159	515.144	2.66781	
38.7	1.52509e+09	3.14159	515.615	2.62043	
38.7667	1.52509e+09	3.14159	514.473	0.67716	
38.7833	1.52509e+09	3.14159	520.104	0.791799	
38.8	1.52509e+09	3.14159	514.266	0.883368	
38.85	1.52509e+09	3.14159	512.696	0.4627	
38.8667	1.52509e+09	3.14159	516.1	0.534357	
38.9167	1.52509e+09	3.14159	514.924	0.29372	
38.9333	1.52509e+09	3.14159	513.892	0.331896	
38.95	1.52509e+09	3.14159	512.973	0.382921	
38.9667	1.52509e+09	3.14159	514.353	0.417501	
38.9833	1.52509e+09	3.14159	514.536	0.303876	
39	1.52509e+09	3.14159	513.333	0.524379	
39.0167	1.52509e+09	3.14159	514.704	0.474903	
39.0333	1.52509e+09	3.14159	515.784	0.39209	
39.05	1.52509e+09	3.14159	514.635	0.529463	
39.0667	1.52509e+09	3.14159	512.801	0.525851	
39.0833	1.52509e+09	3.14159	514.408	0.271687	
39.1	1.52509e+09	3.14159	516.467	0.323838	
39.1167	1.52509e+09	3.14159	517.025	1.25192	
39.1333	1.52509e+09	3.14159	515.24	0.87507	
39.15	1.52509e+09	3.14159	513.205	0.818053	
39.1667	1.52509e+09	3.14159	513.237	0.866536	
39.1833	1.52509e+09	3.14159	538.971	0.963775	
39.2	1.52509e+09	3.14159	513.135	1.22531	
39.2167	1.52509e+09	3.14159	514.546	0.832563	
39.2667	1.52509e+09	3.14159	514	0.231646	
39.2833	1.52509e+09	3.14159	514.44	0.311011	
39.3	1.52509e+09	3.14159	514.355	0.475501	
39.3167	1.52509e+09	3.14159	515.447	0.552721	
39.3333	1.52509e+09	3.14159	513.621	1.18075	
39.35	1.52509e+09	3.14159	513.016	0.750181	
39.3667	1.52509e+09	3.14159	526.737	0.605453	
39.3833	1.52509e+09	3.14159	515.172	0.629114	
39.4	1.52509e+09	3.14159	514.063	0.732402	
39.4167	1.52509e+09	3.14159	513.826	2.25351	
39.4333	1.52509e+09	3.14159	514.455	1.68238	
39.45	1.52509e+09	3.14159	513.09	2.02373	
39.4667	1.52509e+09	3.14159	512.875	1.49535	
39.4833	1.52509e+09	3.14159	513.403	0.736591	
39.5	1.52509e+09	3.14159	514.316	0.593381	
39.5167	1.52509e+09	3.14159	515.69	0.660923	
39.5333	1.52509e+09	3.14159	512.52	0.407531	
39.55	1.52509e+09	3.14159	512.924	0.419082	
39.5667	1.52509e+09	3.14159	512.981	0.363726	
39.5833	1.52509e+09	3.14159	513.384	0.534022	
39.6	1.52509e+09	3.14159	515.561	0.959383	
39.6167	1.52509e+09	3.14159	514.245	1.26949	
39.6333	1.52509e+09	3.14159	515.508	1.13103	
39.65	1.52509e+09	3.14159	513.432	1.26978	
39.6667	1.52509e+09	3.14159	513.703	0.936535	
39.6833	1.52509e+09	3.14159	515.807	0.738424	
39.7	1.52509e+09	3.14159	516.311	2.15135	
39.7167	1.52509e+09	3.14159	518.515	5.7746	
39.7333	1.52509e+09	3.14159	512.782	5.43377	
39.75	1.52509e+09	3.14159	513.471	4.79987	
39.7667	1.52509e+09	3.14159	513.951	4.43703	
39.7833	1.52509e+09	3.14159	512.357	3.91243	
39.8	1.52509e+09	3.14159	513.164	3.23531	
39.8167	1.52509e+09	3.14159	514.572	2.8385	
39.8833	1.52509e+09	3.14159	516.525	0.46084	
39.9	1.52509e+09	3.14159	512.424	0.530867	
39.9167	1.52509e+09	3.14159	512.716	0.633067	
39.9333	1.52509e+09	3.14159	512.284	0.631622	
39.95	1.52509e+09	3.14159	513.605	0.435555	
39.9667	1.52509e+09	3.14159	512.764	0.277227	
40	1.52509e+09	3.14159	511.784	0.308694	
40.0167	1.52509e+09	3.14159	512.632	0.404476	
40.0667	1.52509e+09	3.14159	513.569	0.448328	
40.0833	1.52509e+09	3.14159	512.152	0.474547	
40.1	1.52509e+09	3.14159	512.25	0.602202	
40.1333	1.52509e+09	3.14159	514.131	0.507119	
40.1833	1.52509e+09	3.14159	516.69	0.286733	
40.2333	1.52509e+09	3.14159	517.987	0.294931	
40.25	1.52509e+09	3.14159	513.316	0.59328	
40.2667	1.52509e+09	3.14159	512.236	0.673251	
40.2833	1.52509e+09	3.14159	512.33	0.575226	
40.3	1.52509e+09	3.14159	531.91	0.382497	
40.3167	1.52509e+09	3.14159	511.711	0.294428	
40.3333	1.52509e+09	3.14159	518.956	0.468958	
40.35	1.52509e+09	3.14159	511.62	0.647325	
40.3667	1.52509e+09	3.14159	512.68	0.615258	
40.3833	1.52509e+09	3.14159	513.216	0.350315	
40.4	1.52509e+09	3.14159	512.44	0.238381	
40.4167	1.52509e+09	3.14159	514.187	0.249196	
40.4333	1.52509e+09	3.14159	514.892	0.599346	
40.45	1.52509e+09	3.14159	512.699	0.96021	
40.4667	1.52509e+09	3.14159	514.129	0.29134	
40.4833	1.52509e+09	3.14159	522.92	0.36068	
40.5	1.52509e+09	3.14159	513.2	0.413526	
40.7333	1.52509e+09	3.14159	512.432	0.367465	
40.75	1.52509e+09	3.14159	514.949	0.442887	
40.7667	1.52509e+09	3.14159	513.024	0.505086	
40.7833	1.52509e+09	3.14159	512.064	0.411891	
40.8	1.52509e+09	3.14159	513.064	0.284017	
40.8167	1.52509e+09	3.14159	513.185	0.223001	
40.8333	1.52509e+09	3.14159	514.166	0.273413	
40.85	1.52509e+09	3.14159	516.351	0.269942	
40.8667	1.52509e+09	3.14159	511.879	0.541821	
40.8833	1.52509e+09	3.14159	515.924	0.28737	
40.9333	1.52509e+09	3.14159	517.321	0.334977	
41.1167	1.52509e+09	3.14159	516.008	0.360018	
41.1667	1.52509e+09	3.14159	512.044	0.243009	
41.1833	1.52509e+09	3.14159	513.688	0.311961	
41.2	1.52509e+09	3.14159	512.649	0.347836	
41.2167	1.52509e+09	3.14159	512.727	0.402596	
41.45	1.52509e+09	3.14159	511.98	0.245183	
41.4667	1.52509e+09	3.14159	514.604	0.282891	
41.5167	1.52509e+09	3.14159	513.663	0.287151	
41.5333	1.52509e+09	3.14159	511.804	0.327121	
41.55	1.52509e+09	3.14159	513.401	0.415883	
41.5667	1.52509e+09	3.14159	512.337	0.484728	
41.8667	1.52509e+09	3.14159	511.744	0.254435	
41.8833	1.52509e+09	3.14159	513.252	0.305145	
41.9	1.52509e+09	3.14159	512.108	0.3765	
41.9167	1.52509e+09	3.14159	511.788	0.523184	
41.9333	1.52509e+09	3.14159	512.744	0.53918	
41.95	1.52509e+09	3.14159	512.452	0.619891	
41.9667	1.52509e+09	3.14159	516.61	0.536508	
41.9833	1.52509e+09	3.14159	512.96	0.286044	
42	1.52509e+09	3.14159	511.883	0.344447	
42.0167	1.52509e+09	3.14159	522.624	0.24661	
42.0333	1.52509e+09	3.14159	511.924	0.283352	
42.2333	1.52509e+09	3.14159	514.144	0.25634	
42.25	1.52509e+09	3.14159	516.912	0.306103	
42.2667	1.52509e+09	3.14159	513.3	0.981277	
42.2833	1.52509e+09	3.14159	514.091	1.14516	
42.3	1.52509e+09	3.14159	514.742	0.426284	
42.35	1.52509e+09	3.14159	512.992	0.367106	
42.5667	1.52509e+09	3.14159	513.14	0.295825	
42.5833	1.52509e+09	3.14159	512.116	0.331079	
42.6	1.52509e+09	3.14159	511.076	0.383408	
42.6167	1.52509e+09	3.14159	512.993	0.431019	
42.6333	1.52509e+09	3.14159	513.747	0.43642	
42.9333	1.52509e+09	3.14159	512.268	0.395267	
42.95	1.52509e+09	3.14159	512.18	0.434243	
42.9667	1.52509e+09	3.14159	514.434	0.486177	
42.9833	1.52509e+09	3.14159	513.345	0.598586	
43	1.52509e+09	3.14159	512.767	0.655504	
43.0167	1.52509e+09	3.14159	512.281	0.791765	
43.0333	1.52509e+09	3.14159	513.235	0.9232	
43.05	1.52509e+09	3.14159	515.772	0.355139	
43.1	1.52509e+09	3.14159	511.681	0.378869	
43.1167	1.52509e+09	3.14159	511.672	0.467317	
43.15	1.52509e+09	3.14159	512.548	0.611928	
43.3	1.52509e+09	3.14159	511.668	0.522978	
43.3167	1.52509e+09	3.14159	512.404	0.567135	
43.3333	1.52509e+09	3.14159	517.144	0.915873	
43.3667	1.52509e+09	3.14159	513.367	0.403131	
43.6167	1.52509e+09	3.14159	512.152	0.306588	
43.6333	1.52509e+09	3.14159	511.604	0.375399	
43.65	1.52509e+09	3.14159	511.632	0.538896	
43.6667	1.52509e+09	3.14159	512.689	0.574789	
43.6833	1.52509e+09	3.14159	542.124	0.550983	
43.7	1.52509e+09	3.14159	511.689	0.650868	
43.7167	1.52509e+09	3.14159	512.628	0.854866	
43.7333	1.52509e+09	3.14159	515.335	0.48758	
43.75	1.52509e+09	3.14159	512.817	0.375283	
43.7667	1.52509e+09	3.14159	512.445	0.361264	
43.7833	1.52509e+09	3.14159	530.876	0.529402	
43.9167	1.52509e+09	3.14159	513.136	0.351379	
43.9667	1.52509e+09	3.14159	512.784	0.216231	
43.9833	1.52509e+09	3.14159	513.058	0.287462	
44	1.52509e+09	3.14159	512.975	0.326672	
44.0167	1.52509e+09	3.14159	511.759	0.371522	
44.05	1.52509e+09	3.14159	510.976	0.160038	
44.0667	1.52509e+09	3.14159	512.988	0.254506	
44.2	1.52509e+09	3.14159	512.704	0.522775	
44.25	1.52509e+09	3.14159	512.832	0.26111	
44.2667	1.52509e+09	3.14159	512.794	0.38797	
44.2833	1.52509e+09	3.14159	512.716	0.655012	
44.3	1.52509e+09	3.14159	512.56	1.13929	
44.3167	1.52509e+09	3.14159	513.807	1.02258	
44.35	1.52509e+09	3.14159	515.734	1.30631	
44.3667	1.52509e+09	3.14159	514.648	0.563655	
44.4	1.52509e+09	3.14159	515.8	0.305731	
44.4167	1.52509e+09	3.14159	514.779	0.326874	
44.4333	1.52509e+09	3.14159	516.948	0.490755	
44.55	1.52509e+09	3.14159	512.268	0.471231	
44.5667	1.52509e+09	3.14159	513.352	0.58304	
44.5833	1.52509e+09	3.14159	512.405	0.524719	
44.6	1.52509e+09	3.14159	512.328	1.11919	
44.6167	1.52509e+09	3.14159	512.566	0.585271	
44.6333	1.52509e+09	3.14159	512.546	0.661875	
44.65	1.52509e+09	3.14159	511.847	0.360725	
44.8	1.52509e+09	3.14159	512.856	0.226537	
44.8167	1.52509e+09	3.14159	515.843	0.307059	
44.8667	1.52509e+09	3.14159	512.216	0.369566	
44.8833	1.52509e+09	3.14159	513.555	0.414866	
44.9333	1.52509e+09	3.14159	512.188	0.242532	
44.95	1.52509e+09	3.14159	510.869	0.238997	
44.9667	1.52509e+09	3.14159	557.408	0.4723	
45.0167	1.52509e+09	3.14159	514.497	0.326548	
45.0333	1.52509e+09	3.14159	512.188	0.382568	
45.0833	1.52509e+09	3.14159	512.628	0.287769	
45.1333	1.52509e+09	3.14159	513.004	0.147316	
45.15	1.52509e+09	3.14159	511.932	0.219406	
45.1667	1.52509e+09	3.14159	512.385	0.422915	
45.1833	1.52509e+09	3.14159	544.322	0.56386	
45.2167	1.52509e+09	3.14159	512.352	0.622452	
45.2333	1.52509e+09	3.14159	517.529	0.272285	
45.2667	1.52509e+09	3.14159	511.592	0.239265	
45.2833	1.52509e+09	3.14159	514.992	0.254522	
45.5333	1.52509e+09	3.14159	513.409	0.490707	
45.55	1.52509e+09	3.14159	511.724	0.478547	
45.5667	1.52509e+09	3.14159	512.172	0.597402	
45.5833	1.52509e+09	3.14159	513.376	0.551305	
45.6	1.52509e+09	3.14159	513.855	0.395268	
45.6167	1.52509e+09	3.14159	514.269	0.201287	
45.6333	1.52509e+09	3.14159	511.971	0.398917	
45.65	1.52509e+09	3.14159	512.973	0.414029	
45.6667	1.52509e+09	3.14159	511.904	0.476894	
45.6833	1.52509e+09	3.14159	512.888	0.378587	
45.7	1.52509e+09	3.14159	513.553	0.298001	
45.7167	1.52509e+09	3.14159	513.206	0.487154	
45.7333	1.52509e+09	3.14159	512.549	0.37933	
45.8667	1.52509e+09	3.14159	513.04	0.395344	
45.8833	1.52509e+09	3.14159	511.776	0.727226	
45.9	1.52509e+09	3.14159	517.531	0.779266	
45.9167	1.52509e+09	3.14159	512.087	0.801942	
45.9333	1.52509e+09	3.14159	512.928	0.338236	
45.95	1.52509e+09	3.14159	511.456	0.484715	
45.9667	1.52509e+09	3.14159	512.464	0.531226	
45.9833	1.52509e+09	3.14159	512.412	0.600111	
46	1.52509e+09	3.14159	511.537	0.46877	
46.0167	1.52509e+09	3.14159	514.538	0.215021	
46.0333	1.52509e+09	3.14159	519.12	0.25022	
46.05	1.52509e+09	3.14159	518.109	0.285239	
46.1	1.52509e+09	3.14159	515.94	0.199113	
46.1167	1.52509e+09	3.14159	515.148	0.330962	
46.1333	1.52509e+09	3.14159	513.671	3.62475	
46.15	1.52509e+09	3.14159	512.532	3.74554	
46.2333	1.52509e+09	3.14159	513.3	0.387064	
46.2667	1.52509e+09	3.14159	511.896	0.447075	
46.2833	1.52509e+09	3.14159	511.768	0.451578	
46.3333	1.52509e+09	3.14159	513.705	0.225449	
46.35	1.52509e+09	3.14159	511.788	0.272431	
46.3667	1.52509e+09	3.14159	511.344	0.603719	
46.3833	1.52509e+09	3.14159	511.568	0.4739	
46.4	1.52509e+09	3.14159	512.527	0.531275	
46.4167	1.52509e+09	3.14159	512.281	0.581455	
46.4333	1.52509e+09	3.14159	512.408	0.535655	
46.45	1.52509e+09	3.14159	512.868	0.2328	
46.4667	1.52509e+09	3.14159	513.254	0.509173	
46.4833	1.52509e+09	3.14159	512.363	0.411673	
46.5	1.52509e+09	3.14159	511.241	0.586998	
46.5167	1.52509e+09	3.14159	513.414	0.598484	
46.5833	1.52509e+09	3.14159	514.765	0.398764	
46.6167	1.52509e+09	3.14159	511.16	0.419602	
46.6333	1.52509e+09	3.14159	512.782	0.548965	
46.65	1.52509e+09	3.14159	517.675	0.529099	
46.6833	1.52509e+09	3.14159	512.279	0.137063	
46.7	1.52509e+09	3.14159	515.205	0.422713	
46.7167	1.52509e+09	3.14159	514.173	0.44858	
46.7333	1.52509e+09	3.14159	514.677	0.541914	
46.75	1.52509e+09	3.14159	513.639	0.58573	
46.8	1.52509e+09	3.14159	513.521	0.375231	
46.8167	1.52509e+09	3.14159	510.926	0.462975	
46.8333	1.52509e+09	3.14159	513.272	0.53755	
46.9333	1.52509e+09	3.14159	513.396	0.288551	
46.9833	1.52509e+09	3.14159	513.316	0.2948	
47	1.52509e+09	3.14159	517.432	0.44983	
47.0167	1.52509e+09	3.14159	513.364	1.18753	
47.0333	1.52509e+09	3.14159	514.302	1.05271	
47.05	1.52509e+09	3.14159	513.574	0.344222	
47.0667	1.52509e+09	3.14159	512.567	0.416131	
47.0833	1.52509e+09	3.14159	515.006	0.592449	
47.1	1.52509e+09	3.14159	514.185	0.407813	
47.1167	1.52509e+09	3.14159	512.967	0.82359	
47.1333	1.52509e+09	3.14159	512.641	0.950888	
47.15	1.52509e+09	3.14159	513.068	0.639651	
47.1667	1.52509e+09	3.14159	514.524	0.695028	
47.2333	1.52509e+09	3.14159	512.568	0.566423	
47.2667	1.52509e+09	3.14159	515.156	0.534613	
47.3167	1.52509e+09	3.14159	514.225	0.403151	
47.3333	1.52509e+09	3.14159	513.127	0.512604	
47.35	1.52509e+09	3.14159	514.283	0.498817	
47.3667	1.52509e+09	3.14159	513.355	1.42121	
47.3833	1.52509e+09	3.14159	514.804	1.14819	
47.4	1.52509e+09	3.14159	512.176	0.605594	
47.4167	1.52509e+09	3.14159	514.198	0.202444	
47.4833	1.52509e+09	3.14159	513.902	0.371356	
47.5	1.52509e+09	3.14159	513.808	0.47646	
47.5167	1.52509e+09	3.14159	512.387	0.897264	
47.5333	1.52509e+09	3.14159	513.283	1.19925	
47.55	1.52509e+09	3.14159	512.556	0.840899	
47.5667	1.52509e+09	3.14159	513.007	0.417363	
47.5833	1.52509e+09	3.14159	512.543	0.462349	
47.6	1.52509e+09	3.14159	512.621	0.460016	
47.6167	1.52509e+09	3.14159	513.786	0.351322	
47.6333	1.52509e+09	3.14159	515.464	0.496706	
47.65	1.52509e+09	3.14159	512.983	0.97532	
47.6667	1.52509e+09	3.14159	513.846	1.16008	
47.7167	1.52509e+09	3.14159	512.851	0.571563	
47.7333	1.52509e+09	3.14159	513.643	0.323282	
47.75	1.52509e+09	3.14159	512.147	0.801578	
47.7667	1.52509e+09	3.14159	512.06	1.02936	
47.7833	1.52509e+09	3.14159	512.647	0.749272	
47.8	1.52509e+09	3.14159	513.828	0.650509	
47.8167	1.52509e+09	3.14159	512.839	0.86092	
47.8333	1.52509e+09	3.14159	526.637	0.43319	
47.85	1.52509e+09	3.14159	512.069	0.631476	
47.8833	1.52509e+09	3.14159	512.392	0.702703	
47.9167	1.52509e+09	3.14159	513.348	0.532796	
47.9667	1.52509e+09	3.14159	511.889	0.295213	
47.9833	1.52509e+09	3.14159	514.416	0.372821	
48	1.52509e+09	3.14159	512.284	0.449445	
48.0167	1.52509e+09	3.14159	513.229	0.466088	
48.0333	1.52509e+09	3.14159	512.719	0.495709	
48.05	1.52509e+09	3.14159	513.413	0.638426	
48.0667	1.52509e+09	3.14159	514.035	0.441112	
48.0833	1.52509e+09	3.14159	512.807	1.28815	
48.1	1.52509e+09	3.14159	512.76	0.334361	
48.1167	1.52509e+09	3.14159	514.483	0.516772	
48.1333	1.52509e+09	3.14159	513.718	1.20501	
48.15	1.52509e+09	3.14159	513.486	0.419005	
48.1667	1.52509e+09	3.14159	511.579	0.406648	
48.1833	1.52509e+09	3.14159	515.334	0.430313	
48.2	1.52509e+09	3.14159	513.865	0.911209	
48.2167	1.52509e+09	3.14159	511.12	1.0475	
48.2333	1.52509e+09	3.14159	511.759	1.17498	
48.25	1.52509e+09	3.14159	513.815	0.61081	
48.2667	1.52509e+09	3.14159	514.306	0.486505	
48.2833	1.52509e+09	3.14159	511.28	0.547666	
48.3	1.52509e+09	3.14159	512.196	0.597937	
48.3167	1.52509e+09	3.14159	512.128	0.619691	
48.3333	1.52509e+09	3.14159	513.358	0.713213	
48.35	1.52509e+09	3.14159	511.823	0.583385	
48.3667	1.52509e+09	3.14159	513.396	0.82278	
48.3833	1.52509e+09	3.14159	513.589	0.602924	
48.4	1.52509e+09	3.14159	514.31	0.932324	
48.4333	1.52509e+09	3.14159	513.94	0.454749	
48.45	1.52509e+09	3.14159	511.882	0.361309	
48.4667	1.52509e+09	3.14159	512.936	0.491294	
48.4833	1.52509e+09	3.14159	514.043	0.541085	
48.5	1.52509e+09	3.14159	512.8	0.60797	
48.5167	1.52509e+09	3.14159	512.838	0.61709	
48.5333	1.52509e+09	3.14159	512.076	0.385684	
48.55	1.52509e+09	3.14159	513.664	0.251011	
48.5667	1.52509e+09	3.14159	513.289	0.375146	
48.5833	1.52509e+09	3.14159	518.112	0.361794	
48.6	1.52509e+09	3.14159	514.539	0.774065	
48.6167	1.52509e+09	3.14159	514.096	0.229567	
48.6333	1.52509e+09	3.14159	515.192	0.258817	
48.65	1.52509e+09	3.14159	518.444	0.471551	
48.6833	1.52509e+09	3.14159	516.536	2.37155	
48.7333	1.52509e+09	3.14159	513.148	4.26705	
48.75	1.52509e+09	3.14159	513.868	3.90343	
48.7667	1.52509e+09	3.14159	514.68	3.33145	
48.7833	1.52509e+09	3.14159	514.085	2.91155	
48.8	1.52509e+09	3.14159	510.816	2.81875	
48.8167	1.52509e+09	3.14159	514.867	2.02433	
48.8333	1.52509e+09	3.14159	511.698	2.30243	
48.9	1.52509e+09	3.14159	513.711	0.282658	
48.9167	1.52509e+09	3.14159	517.575	0.395311	
48.95	1.52509e+09	3.14159	512.59	0.495761	
48.9667	1.52509e+09	3.14159	514.401	0.580519	
48.9833	1.52509e+09	3.14159	513.33	0.640072	
49	1.52509e+09	3.14159	513.54	0.7138	
49.0167	1.52509e+09	3.14159	512.076	0.824223	
49.05	1.52509e+09	3.14159	515.084	0.42351	
49.0667	1.52509e+09	3.14159	514.236	0.527319	
49.0833	1.52509e+09	3.14159	514.3	0.892565	
49.2667	1.52509e+09	3.14159	512.592	0.478359	
49.3	1.52509e+09	3.14159	514.376	0.594726	
49.3167	1.52509e+09	3.14159	512.407	0.665311	
49.3333	1.52509e+09	3.14159	512.624	0.783217	
49.35	1.52509e+09	3.14159	513.594	0.556061	
49.3667	1.52509e+09	3.14159	514.624	0.737292	
49.3833	1.52509e+09	3.14159	513.68	0.681214	
49.4	1.52509e+09	3.14159	525.1	0.959139	
49.4167	1.52509e+09	3.14159	513.967	0.548309	
49.45	1.52509e+09	3.14159	511.941	0.632723	
49.4667	1.52509e+09	3.14159	513.315	0.439423	
49.4833	1.52509e+09	3.14159	519.063	0.475278	
49.7333	1.52509e+09	3.14159	513.049	0.345209	
49.75	1.52509e+09	3.14159	514.216	0.336173	
49.7667	1.52509e+09	3.14159	510.799	0.403658	
49.7833	1.52509e+09	3.14159	513.029	0.53949	
49.8	1.52509e+09	3.14159	516.788	0.420015	
50.05	1.52509e+09	3.14159	513.352	0.399261	
50.0667	1.52509e+09	3.14159	514.475	0.438389	
50.0833	1.52509e+09	3.14159	513.422	0.51513	
50.1	1.52509e+09	3.14159	513.997	1.03295	
50.1167	1.52509e+09	3.14159	511.907	1.05716	
50.15	1.52509e+09	3.14159	513.688	0.458782	
50.45	1.52509e+09	3.14159	514.926	0.360215	
50.4667	1.52509e+09	3.14159	512.712	0.435825	
50.4833	1.52509e+09	3.14159	512.693	0.593336	
50.5	1.52509e+09	3.14159	511.634	0.664159	
50.5167	1.52509e+09	3.14159	518.02	0.730728	
50.5333	1.52509e+09	3.14159	517.456	0.760047	
50.55	1.52509e+09	3.14159	512.599	0.453286	
50.5667	1.52509e+09	3.14159	516.756	0.437151	
50.5833	1.52509e+09	3.14159	512.752	0.403045	
50.6	1.52509e+09	3.14159	518.004	0.279316	
50.65	1.52509e+09	3.14159	513.848	0.300589	
50.8333	1.52509e+09	3.14159	513.972	0.314873	
50.85	1.52509e+09	3.14159	512.432	0.410464	
50.8667	1.52509e+09	3.14159	512.552	0.54271	
50.8833	1.52509e+09	3.14159	516.713	0.485641	
50.9	1.52509e+09	3.14159	514.511	0.331592	
50.9167	1.52509e+09	3.14159	513.683	0.346464	
51.1333	1.52509e+09	3.14159	514.712	0.328363	
51.15	1.52509e+09	3.14159	517.303	0.495864	
51.1667	1.52509e+09	3.14159	515.384	0.727622	
51.1833	1.52509e+09	3.14159	513.971	1.46168	
51.2167	1.52509e+09	3.14159	512.928	0.603782	
51.2333	1.52509e+09	3.14159	514.426	0.536648	
51.5333	1.52509e+09	3.14159	513.236	0.48923	
51.55	1.52509e+09	3.14159	513.535	0.529013	
51.5667	1.52509e+09	3.14159	513.336	0.549052	
51.5833	1.52509e+09	3.14159	514.66	0.28438	
51.6	1.52509e+09	3.14159	512.153	0.241132	
51.6167	1.52509e+09	3.14159	512.516	0.374971	
51.6333	1.52509e+09	3.14159	513	0.409032	
51.65	1.52509e+09	3.14159	513.468	0.284689	
51.6667	1.52509e+09	3.14159	514.295	0.25447	
51.7167	1.52509e+09	3.14159	512.372	0.245299	
51.7333	1.52509e+09	3.14159	512.715	0.3254	
51.9167	1.52509e+09	3.14159	512.116	0.335803	
51.95	1.52509e+09	3.14159	515.452	0.467474	
52	1.52509e+09	3.14159	512.488	0.164296	
52.1667	1.52509e+09	3.14159	511.712	0.540395	
52.1833	1.52509e+09	3.14159	512.011	0.271794	
52.2	1.52509e+09	3.14159	511.887	0.412943	
52.2167	1.52509e+09	3.14159	511.247	0.685159	
52.2333	1.52509e+09	3.14159	511.176	0.319428	
52.25	1.52509e+09	3.14159	512.627	0.291804	
52.3	1.52509e+09	3.14159	510.796	0.372228	
52.3167	1.52509e+09	3.14159	511.016	0.464117	
52.3333	1.52509e+09	3.14159	510.156	0.600693	
52.5167	1.52509e+09	3.14159	510.256	0.622508	
52.5333	1.52509e+09	3.14159	512.327	0.664948	
52.55	1.52509e+09	3.14159	510.529	0.363949	
52.5667	1.52509e+09	3.14159	509.855	0.377773	
52.5833	1.52509e+09	3.14159	509.291	0.524419	
52.6	1.52509e+09	3.14159	508.827	0.397397	
52.6167	1.52509e+09	3.14159	509.395	0.441348	
52.6333	1.52509e+09	3.14159	508.668	0.449188	
52.65	1.52509e+09	3.14159	508.808	0.344677	
52.8	1.52509e+09	3.14159	508.4	0.349268	
52.85	1.52509e+09	3.14159	506.608	0.212853	
52.8667	1.52509e+09	3.14159	507.383	0.324464	
52.8833	1.52509e+09	3.14159	506.251	0.385023	
52.9	1.52509e+09	3.14159	506.435	0.498945	
52.9167	1.52509e+09	3.14159	516.991	0.512316	
52.9333	1.52509e+09	3.14159	513.115	0.985257	
52.95	1.52509e+09	3.14159	528.204	0.312809	
52.9667	1.52509e+09	3.14159	507.979	2.30607	
52.9833	1.52509e+09	3.14159	508.015	1.53831	
53.1	1.52509e+09	3.14159	506.1	0.264912	
53.1167	1.52509e+09	3.14159	510.659	0.332672	
53.1333	1.52509e+09	3.14159	505.66	0.407477	
53.15	1.52509e+09	3.14159	507.322	0.426328	
53.1667	1.52509e+09	3.14159	506.635	0.448767	
53.1833	1.52509e+09	3.14159	506.007	0.552397	
53.2	1.52509e+09	3.14159	504.215	0.601006	
53.2167	1.52509e+09	3.14159	504.006	0.353667	
53.2333	1.52509e+09	3.14159	506.173	0.495023	
53.4167	1.52509e+09	3.14159	524.532	0.305294	
53.4333	1.52509e+09	3.14159	501.119	0.332335	
53.45	1.52509e+09	3.14159	502.867	0.400113	
53.4667	1.52509e+09	3.14159	501.199	0.452908	
53.4833	1.52509e+09	3.14159	501.667	0.252703	
53.5	1.52509e+09	3.14159	501.536	0.495529	
53.6167	1.52509e+09	3.14159	499.672	0.556562	
53.6333	1.52509e+09	3.14159	497.627	0.523896	
53.65	1.52509e+09	3.14159	523.923	0.455595	
53.7	1.52509e+09	3.14159	498.568	0.200791	
53.7333	1.52509e+09	3.14159	498.76	0.288714	
53.7667	1.52509e+09	3.14159	497.576	0.412459	
53.7833	1.52509e+09	3.14159	498.031	0.765574	
53.8667	1.52509e+09	3.14159	496.816	0.304332	
53.9167	1.52509e+09	3.14159	496.828	0.192596	
54.1	1.52509e+09	3.14159	494.408	0.218187	
54.1167	1.52509e+09	3.14159	492.816	0.313663	
54.1333	1.52509e+09	3.14159	493.003	0.437673	
54.15	1.52509e+09	3.14159	492.275	0.456918	
54.1667	1.52509e+09	3.14159	492.571	0.625499	
54.1833	1.52509e+09	3.14159	491.843	0.793531	
54.2	1.52509e+09	3.14159	491.709	0.366958	
54.2167	1.52509e+09	3.14159	493.395	0.381684	
54.2333	1.52509e+09	3.14159	490.451	0.645197	
54.25	1.52509e+09	3.14159	490.531	1.22479	
54.2667	1.52509e+09	3.14159	489.836	0.683741	
54.2833	1.52509e+09	3.14159	489.755	0.368981	
54.3	1.52509e+09	3.14159	489.063	0.372419	
54.3167	1.52509e+09	3.14159	489.767	0.461091	
54.3333	1.52509e+09	3.14159	488.695	0.349197	
54.35	1.52509e+09	3.14159	488.879	0.257199	
54.45	1.52509e+09	3.14159	486.74	0.476308	
54.4833	1.52509e+09	3.14159	486.708	0.50387	
54.5	1.52509e+09	3.14159	487.015	0.277315	
54.5167	1.52509e+09	3.14159	486.067	0.396244	
54.5333	1.52509e+09	3.14159	486.448	0.420961	
54.55	1.52509e+09	3.14159	485.911	0.40324	
54.5667	1.52509e+09	3.14159	486.493	1.0173	
54.5833	1.52509e+09	3.14159	487.015	0.240559	
54.6	1.52509e+09	3.14159	507.191	0.500231	
54.6167	1.52509e+09	3.14159	484.663	0.569893	
54.6333	1.52509e+09	3.14159	482.774	3.35347	
54.65	1.52509e+09	3.14159	483.253	3.13318	
54.6667	1.52509e+09	3.14159	482.838	2.33476	
54.6833	1.52509e+09	3.14159	483.779	1.45036	
54.7	1.52509e+09	3.14159	481.631	3.51617	
54.7167	1.52509e+09	3.14159	480.658	2.26676	
54.8	1.52509e+09	3.14159	479.72	0.323893	
54.8333	1.52509e+09	3.14159	479.544	0.372841	
54.8833	1.52509e+09	3.14159	477.908	0.359955	
54.9	1.52509e+09	3.14159	478.275	0.521	
54.9167	1.52509e+09	3.14159	477.619	0.401029	
54.9333	1.52509e+09	3.14159	477.539	0.985081	
54.95	1.52509e+09	3.14159	476.984	0.199993	
54.9667	1.52509e+09	3.14159	476.387	0.266803	
54.9833	1.52509e+09	3.14159	475.859	0.538374	
55	1.52509e+09	3.14159	476.035	0.640801	
55.0167	1.52509e+09	3.14159	475.719	0.301354	
55.0333	1.52509e+09	3.14159	475.187	0.473711	
55.05	1.52509e+09	3.14159	474.019	1.0139	
55.0667	1.52509e+09	3.14159	473.848	0.216343	
55.15	1.52509e+09	3.14159	478.892	0.340793	
55.1667	1.52509e+09	3.14159	472.759	0.481235	
55.1833	1.52509e+09	3.14159	475.239	0.640529	
55.2333	1.52509e+09	3.14159	470.488	0.391507	
55.25	1.52509e+09	3.14159	470.279	0.480251	
55.2833	1.52509e+09	3.14159	469.9	0.833146	
55.3	1.52509e+09	3.14159	467.571	1.50535	
55.3167	1.52509e+09	3.14159	467.414	1.37911	
55.3333	1.52509e+09	3.14159	467.767	0.669068	
55.35	1.52509e+09	3.14159	467.489	0.875007	
55.3833	1.52509e+09	3.14159	466.704	0.280685	
55.4	1.52509e+09	3.14159	465.143	0.36317	
55.4167	1.52509e+09	3.14159	465.832	0.383871	
55.6	1.52509e+09	3.14159	460.712	0.351176	
55.6167	1.52509e+09	3.14159	461.672	0.386416	
55.6333	1.52509e+09	3.14159	459.388	0.493259	
55.65	1.52509e+09	3.14159	459.259	0.533986	
55.6667	1.52509e+09	3.14159	458.847	0.829278	
55.6833	1.52509e+09	3.14159	459.007	0.945233	
55.7	1.52509e+09	3.14159	456.687	1.1642	
55.7167	1.52509e+09	3.14159	457.499	0.66433	
55.7333	1.52509e+09	3.14159	455.503	0.473322	
55.75	1.52509e+09	3.14159	465.207	0.476133	
55.7667	1.52509e+09	3.14159	455.231	0.329648	
55.7833	1.52509e+09	3.14159	455.164	0.244356	
55.8	1.52509e+09	3.14159	454.011	0.221472	
55.8333	1.52509e+09	3.14159	454.824	0.157011	
55.9167	1.52509e+09	3.14159	451.124	0.294338	
55.9333	1.52509e+09	3.14159	465.003	0.440266	
55.95	1.52509e+09	3.14159	449.479	0.558024	
55.9667	1.52509e+09	3.14159	449.044	0.614794	
55.9833	1.52509e+09	3.14159	448.224	0.640976	
56	1.52509e+09	3.14159	447.999	0.702586	
56.0167	1.52509e+09	3.14159	448.19	0.325629	
56.0333	1.52509e+09	3.14159	447.595	0.317609	
56.05	1.52509e+09	3.14159	447.067	0.431439	
56.0667	1.52509e+09	3.14159	446.587	0.403881	
56.0833	1.52509e+09	3.14159	445.535	0.491354	
56.1	1.52509e+09	3.14159	444.844	0.389021	
56.1167	1.52509e+09	3.14159	444.439	0.424706	
56.1333	1.52509e+09	3.14159	443.663	0.48091	
56.1667	1.52509e+09	3.14159	443.304	0.364818	
56.2167	1.52509e+09	3.14159	441.544	0.208432	
56.2333	1.52509e+09	3.14159	440.639	0.289379	
56.25	1.52509e+09	3.14159	441.944	0.32813	
56.2667	1.52509e+09	3.14159	439.727	0.404988	
56.2833	1.52509e+09	3.14159	438.732	0.254421	
56.3	1.52509e+09	3.14159	438.56	0.319516	
56.3167	1.52509e+09	3.14159	437.103	0.909352	
56.3333	1.52509e+09	3.14159	437.467	0.884185	
56.35	1.52509e+09	3.14159	435.513	1.85763	
56.3667	1.52509e+09	3.14159	436.959	1.38009	
56.3833	1.52509e+09	3.14159	435.091	1.15803	
56.4	1.52509e+09	3.14159	435.002	0.734081	
56.4167	1.52509e+09	3.14159	433.981	1.36837	
56.45	1.52509e+09	3.14159	433.096	0.548702	
56.4833	1.52509e+09	3.14159	433.552	0.313482	
56.55	1.52509e+09	3.14159	429.44	0.285052	
56.5667	1.52509e+09	3.14159	428.208	0.293218	
56.5833	1.52509e+09	3.14159	428.519	0.404632	
56.6	1.52509e+09	3.14159	427.863	0.458473	
56.6167	1.52509e+09	3.14159	426.427	0.477058	
56.6333	1.52509e+09	3.14159	426.156	0.604145	
56.65	1.52509e+09	3.14159	426.215	0.449187	
56.6667	1.52509e+09	3.14159	425.487	0.533422	
56.6833	1.52509e+09	3.14159	431.391	1.19785	
56.7	1.52509e+09	3.14159	423.336	0.895958	
56.7167	1.52509e+09	3.14159	423.075	0.52535	
56.7333	1.52509e+09	3.14159	422.003	0.716734	
56.75	1.52509e+09	3.14159	421.891	0.316504	
56.7667	1.52509e+09	3.14159	420.723	1.04595	
56.7833	1.52509e+09	3.14159	419.775	1.16854	
56.8	1.52509e+09	3.14159	419.904	0.417062	
56.8167	1.52509e+09	3.14159	419.253	0.507462	
56.8333	1.52509e+09	3.14159	417.779	1.02422	
56.85	1.52509e+09	3.14159	416.991	1.15712	
56.8667	1.52509e+09	3.14159	416.648	0.791082	
56.8833	1.52509e+09	3.14159	415.927	0.518112	
56.9	1.52509e+09	3.14159	415.015	0.552771	
56.9167	1.52509e+09	3.14159	415.023	0.433431	
56.9333	1.52509e+09	3.14159	414.599	0.220494	
56.95	1.52509e+09	3.14159	413.867	0.289247	
56.9667	1.52509e+09	3.14159	412.156	1.4969	
56.9833	1.52509e+09	3.14159	411.267	1.62921	
57	1.52509e+09	3.14159	410.498	1.40555	
57.0167	1.52509e+09	3.14159	410.129	0.966081	
57.0333	1.52509e+09	3.14159	410.143	0.273671	
57.05	1.52509e+09	3.14159	409.515	0.38508	
57.0667	1.52509e+09	3.14159	408.371	0.665181	
57.0833	1.52509e+09	3.14159	407.667	0.760657	
57.1	1.52509e+09	3.14159	406.491	1.17362	
57.1167	1.52509e+09	3.14159	407.353	0.654553	
57.1333	1.52509e+09	3.14159	405.789	0.568	
57.15	1.52509e+09	3.14159	403.155	2.72682	
57.1833	1.52509e+09	3.14159	403.791	1.68507	
57.2	1.52509e+09	3.14159	402.37	1.44253	
57.2167	1.52509e+09	3.14159	401.095	1.15337	
57.25	1.52509e+09	3.14159	399.852	0.500769	
57.2667	1.52509e+09	3.14159	399.635	0.576983	
57.3667	1.52509e+09	3.14159	394.868	0.253229	
57.3833	1.52509e+09	3.14159	394.152	0.32038	
57.4	1.52509e+09	3.14159	393.068	0.327955	
57.4167	1.52509e+09	3.14159	392.563	0.380479	
57.4333	1.52509e+09	3.14159	391.524	0.456507	
57.45	1.52509e+09	3.14159	392.271	0.388666	
57.4667	1.52509e+09	3.14159	389.911	0.435145	
57.4833	1.52509e+09	3.14159	389.303	0.460591	
57.5	1.52509e+09	3.14159	388.567	0.408537	
57.5167	1.52509e+09	3.14159	387.878	0.57197	
57.5333	1.52509e+09	3.14159	386.103	1.15347	
57.5667	1.52509e+09	3.14159	385.316	0.549428	
57.5833	1.52509e+09	3.14159	384.491	0.357296	
57.6	1.52509e+09	3.14159	383.475	0.544405	
57.6167	1.52509e+09	3.14159	382.295	1.07177	
57.6333	1.52509e+09	3.14159	382.039	0.87023	
57.65	1.52509e+09	3.14159	380.403	1.4363	
57.7	1.52509e+09	3.14159	378.748	0.269216	
57.8667	1.52509e+09	3.14159	370.488	0.32042	
57.8833	1.52509e+09	3.14159	369.455	0.385031	
57.9	1.52509e+09	3.14159	368.771	0.409043	
57.9167	1.52509e+09	3.14159	367.967	0.332576	
57.9333	1.52509e+09	3.14159	366.727	1.34516	
57.95	1.52509e+09	3.14159	365.265	1.38678	
58	1.52509e+09	3.14159	363.512	0.314664	
58.0167	1.52509e+09	3.14159	362.595	0.397001	
58.0333	1.52509e+09	3.14159	361.539	0.442101	
58.1667	1.52509e+09	3.14159	354.82	0.369512	
58.2167	1.52509e+09	3.14159	352.112	0.406665	
58.3	1.52509e+09	3.14159	348.16	0.212934	
58.3167	1.52509e+09	3.14159	346.503	0.960095	
58.3333	1.52509e+09	3.14159	345.683	1.09713	
58.3667	1.52509e+09	3.14159	345.775	0.397522	
58.3833	1.52509e+09	3.14159	343.147	0.70434	
58.6333	1.52509e+09	3.14159	330.04	0.323408	
58.65	1.52509e+09	3.14159	328.92	0.419924	
58.6667	1.52509e+09	3.14159	328.039	0.452407	
58.6833	1.52509e+09	3.14159	327.123	0.541499	
58.7	1.52509e+09	3.14159	326.251	0.559973	
58.7167	1.52509e+09	3.14159	325.511	0.340903	
58.7333	1.52509e+09	3.14159	324.683	0.267602	
59.0167	1.52509e+09	3.14159	308.964	0.532899	
59.0667	1.52509e+09	3.14159	307.268	0.344668	
59.0833	1.52509e+09	3.14159	305.519	0.426385	
59.1	1.52509e+09	3.14159	304.192	0.455046	
59.1167	1.52509e+09	3.14159	303.347	0.416422	
59.1667	1.52509e+09	3.14159	300.78	0.217619	
59.1833	1.52509e+09	3.14159	299.739	0.291843	
59.2	1.52509e+09	3.14159	298.959	0.332269	
59.2167	1.52509e+09	3.14159	297.903	0.350283	
59.2333	1.52509e+09	3.14159	296.855	0.420605	
59.2833	1.52509e+09	3.14159	294.264	0.25339	
59.4167	1.52509e+09	3.14159	286.536	0.207695	
59.45	1.52509e+09	3.14159	284.512	0.282347	
59.4833	1.52509e+09	3.14159	282.496	0.392998	
59.5	1.52509e+09	3.14159	281.274	0.600322	
59.5167	1.52509e+09	3.14159	280.078	0.821271	
59.5333	1.52509e+09	3.14159	279.231	0.690167	
59.7833	1.52509e+09	3.14159	264.848	0.374532	
59.8	1.52509e+09	3.14159	263.861	0.40032	
59.8167	1.52509e+09	3.14159	262.8	0.451632	
59.8333	1.52509e+09	3.14159	261.537	0.720073	
59.85	1.52509e+09	3.14159	260.431	0.830332	
